   0.9753896938565902     
   2.7440189433852813E-003
   1.0301487599795215E-002
   0.7464323844798604     
  -0.3188010898109340     
  -0.5307759255953542     
    1.786473391241238     
  -9.8650590715580241E-003
  -6.1694155933806122E-003
   0.6096728237986626     
   4.8267982587034776E-002
   0.5934650232973679     
   -9.951232076697083     
  -1.0205664551585431E-003
   -1.766651278170418     
   0.1854537750155664     
   1.6819579906530095E-002
    22.09600025936012     
   0.7072076801809101     
   0.1379697705973634     
   0.2331781916303650     
   -4.073129441744757     
    1.288563224854243     
    3.780091980958059     
  -0.6202410970919109     
   0.2962937388621480     
  -9.9903055568230890E-004
   0.6086081939407691     
   1.6182615537036690E-003
   -8.349133405724098     
    5.221854649510473     
  -9.3295067425369534E-003
   0.5040981719819475     
  -0.8471251909080110     
   5.8329946547461015E-002
    20.62456152559372     
    4.933525047167700     
  -1.4366963290316687E-002
  -0.1056252563650934     
   0.8500254260211635     
   1.9222044467471430E-002
    4.946869944376980     
   -3.098622887306481     
    2.544644687669167     
   0.1447256359163074     
    3.244325499328788     
  -0.1884960375579082     
   -1.226260778301280     
  -0.3177546815611536     
  -4.4024458434193141E-003
   3.4074204251255771E-003
   0.5958383572989695     
  -3.9336903946967016E-003
    4.868026778989144     
    2.842858177779820     
  -0.8347166918639033     
   1.2612211044785699E-004
    5.402326294069768     
   1.1605613653577038E-004
   0.2336674411953342     
  -0.8914044775780396     
   9.2523759722972623E-002
  -2.9991226498523378E-002
    5.590155027003630     
  -1.3213731526690956E-002
  -0.9025412266325105     
    31.03738062137387     
   1.4072222325936497E-005
   -30.98266143607017     
   0.2004324688115295     
   5.7078593707872759E-003
   -1.859666469567870     
    243.8260242847473     
  -9.6033744992696040E-005
   4.4292894273595553E-006
   0.9013579510659184     
   3.6174083551418395E-003
  -0.2082490250612212     
   -5.702516110587188     
  -2.0512330550384182E-003
  -1.0586946169187810E-005
   0.9707352077018084     
   5.4229029911653272E-004
   0.2039254458008334     
    45.77939185262713     
  -8.7601566506890073E-004
  -4.5898797445300467E-005
  -0.9355311231562125     
   1.2934129164263338E-003
   0.1658706707060979     
    1.442360294687556     
   4.7905387741225464E-002
  -3.8392138030151582E-004
    7.988501788877990     
  -6.3418851254992594E-006
   0.1814060994112175     
   0.1559912713781388     
  -6.3293480145810493E-003
  -1.2006080308191926E-002
    11.58755247628692     
   -11.37107683285284     
    2.215898348316478     
   -1.966662193959396     
  -4.6195774639982970E-003
   0.5194447820164222     
  -0.8132087530661997     
  -4.1797463496998977E-002
  -0.9977427426797455     
    2.311093857449464     
  -4.1906557895118150E-002
  -4.5486481333351370E-002
  -0.7188915363033358     
   0.1298073527356453     
   -2.341212182252435     
  -0.3602073910523485     
  -4.0248294235708026E-002
  -1.8409885387613071E-002
  -0.6490809696731050     
  -1.7747344806603102E-002
   -12.87865340961437     
   -2.601125074505098     
  -7.4809523312302104E-002
   2.1021495032699892E-004
    2.018795599439300     
   1.1800973906541748E-004
  -0.2257371446643753     
    1.642451480535616     
   2.1695403601731486E-002
  -8.6174494598367131E-003
   0.9245232868380850     
   9.8827024903656944E-003
  -0.3632514800188619     
    2.858617933738818     
   0.2211041324468394     
  -4.7612500104268060E-003
    11.15597439473570     
  -7.9765746098592392E-004
  -0.6207065398747452     
    1.945362165185844     
  -3.6856959553748462E-003
  -5.8508650453169109E-002
    1.516011377240825     
   4.9423977380772199E-002
   4.2986291987788992E-002
    1.040794923147996     
   8.9391721769118845E-002
  -4.8828957882215023E-002
    1.800259339854899     
   0.1075142976565129     
   -2.150701730144087     
    1.576160025418379     
   7.7171969794107562E-004
   7.2578945910573497E-003
  -0.2617940763054178     
  -2.3411194064055650E-003
  -0.6282751871393343     
    2.198735528041275     
   1.1378579675919428E-002
   8.3575576545131831E-003
   -1.236151748390877     
   0.3810204414177467     
  -0.6958128045384905     
    3.337690165454012     
   5.9003113570031442E-003
   3.0398962392998120E-003
  -0.9313752973837560     
   5.7054952694747954E-003
   0.4130228487067786     
    1.698717064425855     
  -2.1690029858103893E-002
   9.5079290134720787E-002
   0.7358056521364136     
  -6.9974908308474155E-003
   -7.807939753569785     
  -0.6260086502561740     
  -1.2308653948154443E-002
   0.1448365681062970     
    6.962115929191890     
   0.6720909571889055     
   -6.598712694147135     
   -37.30119914414595     
  -9.0493656519245770E-003
  -1.2461822919778610E-002
  -0.9304936930944292     
   6.9266245963594264E-002
    2.865163304473659     
   0.1338004889604066     
   3.9301108268973019E-002
   4.2347557967774847E-002
   -7.814256412468140     
    6.228341469844052     
    4.734184960059776     
   0.2211189161152967     
  -6.1436705503736363E-005
   1.3422255284361247E-002
    1.968674119314109     
  -0.5591069557836267     
    1.241566605561041     
    5.647255256550125     
  -0.1286457475262714     
  -5.0985426166818890E-005
   -2.863442640331983     
   2.1146448367710474E-004
  -0.2304428112791755     
   -2.247839451091849     
    2.128475592740988     
  -8.2375300100104201E-002
   -1.020412951748897     
  -7.5458001068919575E-002
   -6.681128298103545     
  -0.6201372404778046     
   1.5778245722979694E-004
   0.2440319880751945     
   -9.010623463603837     
   4.3310219362176531E-004
  -0.5895071634126071     
   0.8176623751451948     
   1.9586577198097374E-003
  -4.0324301003097200E-004
    8.379587357015060     
  -2.9085733957106995E-005
   0.1380200856496099     
   0.1815786930884931     
  -6.5194272151775879E-003
  -1.2727680521141448E-002
   -1.701087857852974     
  -3.2294583987212674E-002
    19.37330194590789     
   -3.393440199303084     
  -5.5477364989060224E-002
  -8.8973811385962979E-005
   -2.306187519450438     
   4.1168585090470278E-006
  -0.1464118070407642     
   -4.374785706163944     
  -2.5620666614542607E-003
    2.353468096207803     
  -0.7396035145661937     
  -7.5427276710737651E-002
   -3.609743695665456     
   0.9328764842848056     
   1.6684883521905499E-002
  -6.5245575538999234E-002
  -0.8492778027121961     
   0.1001051808427703     
   -5.613562814760305     
    1.750405122116382     
   9.4657539186525169E-002
   4.4269201496115865E-002
   -1.165062710064796     
   9.1367438050378551E-003
    6.528584524825285     
   -1.825070204588841     
   0.7489913219730804     
  -3.9468213214799916E-002
   -1.460060845457649     
   0.1390212558993919     
   0.7653281908068982     
  -0.2255342071834129     
  -6.2519070922643222E-003
  -7.5838122514273821E-003
    3.576742757259902     
   -3.162675752265910     
   -1.665695062607531     
   -16.51647883081735     
    16.20993415261823     
  -9.8164268732878483E-004
    2.537839941991324     
   5.9319121401575940E-003
   0.2894962410387448     
   0.9689539169404745     
  -7.9873203278488292E-002
   0.1195003560636588     
    1.193514358336032     
   0.7162802143946131     
   -4.241623330715933     
   0.5967209468718958     
   5.2883180264266243E-002
   7.5794167995399744E-003
   0.6176486835050685     
  -7.5377622556628846E-002
    1.782669189288856     
  -0.3780036809407615     
  -2.9874999653816053E-002
  -6.8374597139210513E-003
   0.3810951796769131     
   8.1262900606067327E-003
    1.850874797435826     
   -4.565276445452136     
  -1.0230420219943030E-002
  -4.5326720691634515E-004
   -1.243916273855679     
  -3.3817675309002998E-003
  -0.2982368227028407     
    1.666286849595787     
   3.4982711227466441E-002
  -0.8676425372186360     
   -1.410970790449890     
  -4.5261590134634495E-002
   0.9915906429700149     
   -1.731733490797417     
  -7.3224541159512491E-002
  -1.4611408514694755E-003
    6.723522717011839     
   2.8704202563417284E-004
  -0.2827915965195225     
  -0.8903058032229285     
   6.5204208130979852E-002
  -0.1515847833061839     
   -1.382170320959362     
   5.1875744523157068E-002
    90.32421561390429     
  -0.7029860376062860     
  -6.0707692353652420E-002
  -1.7226253029844634E-002
   -1.069332222289701     
   2.2567787805950194E-002
   0.4485877332417720     
    1.617817658015476     
   -1.388123992968049     
  -6.0945317779448165E-002
  -0.6948432593537242     
  -5.4365989337171281E-002
   -18.87508446622066     
   -21.18832903672206     
   1.2493358024386142E-002
  -0.1101050528018060     
  -0.8717648230314849     
   3.8403922145051048E-002
    5.188888900487931     
   -1.498745001277480     
  -2.6770434464105139E-002
  -0.2349329574612234     
    1.097442171555812     
   -2.116153302684995     
    2.569559628236214     
  -0.4998612940566700     
   0.1421981259956816     
  -2.4102045216865469E-002
   0.9332684934203127     
   1.6452515534133159E-002
   -3.462191005701489     
   -4.151157195371360     
   2.1477300986130616E-002
  -9.3212015068734597E-002
  -0.6694231018174324     
   1.6031667426086489E-002
   -2.372961764845728     
  -0.8366476978479590     
   0.1950459328398790     
   6.3601088275716755E-002
   0.6433040863554866     
  -4.0644234240175346E-002
    35.11633654362133     
   -1.639225311434953     
  -5.4710657020745263E-002
   8.4989972620974463E-002
    1.495292123126577     
   2.5012910734323407E-002
  -0.5819530388024725     
   0.1449292055369224     
   2.5355845882339266E-002
  -4.7068441940664014E-004
    2.556416684489201     
   0.1897853240099724     
    33.69038178609745     
   -2.473133748349708     
  -7.4110385120231912E-003
  -1.1446003131307035E-004
   0.8615836997926286     
  -0.1004004867046012     
  -0.3464102464277874     
  -0.6545366218161472     
   0.3614356020107822     
  -2.1047581766506299E-002
    1.445044330682663     
   4.2615423015795996E-002
    4.999470677976429     
    1.285687061242757     
   1.1857691712247147E-002
   -1.185197944366100     
    3.088393989700371     
   1.4626516659100268E-002
    1.559634509382954     
  -0.7533404133690402     
   6.7784368677044307E-002
  -1.0545693761173298E-002
    8.175884758281915     
   2.6343037232709032E-002
   -1.665032731423010     
   -5.666231634293559     
  -1.4910812100889322E-002
    5.519632597091972     
    3.350472452473944     
   2.1495813648341390E-002
   0.8672736571299413     
    1.001032090521591     
   2.6406402064584261E-002
   7.6801612896884014E-005
    13.10683438829307     
   1.0167550208199385E-004
  -0.1941449673811875     
    27.90166217840768     
   4.1800575640110124E-003
  -2.9305185276988923E-005
    1.158969021394407     
   1.9034445135434456E-002
   0.3628999597611008     
  -0.4666923813493939     
  -5.7298920100429260E-003
  -1.5038410662459140E-002
    1.036141699739629     
   6.6804116892307044E-003
   0.3036290556135968     
  -0.8004245223741675     
   0.2118776561984874     
  -1.1880453822640486E-002
    1.172171906208930     
   9.2835806831011655E-002
   -1.148931221461658     
  -0.2828667188523609     
  -6.7908333808813032E-002
  -2.7406881946498783E-002
   -7.351372465432153     
  -0.3437860118684563     
   -7.307145524869808     
    1.590459086797375     
  -2.5760283913673944E-002
   2.5601985204245194E-002
  -0.3946816548013152     
  -3.3564744013572415E-002
   0.9454588651828670     
    2.486895625116994     
   1.3105486692340363E-002
   1.3716842175878551E-004
   -1.059257781431411     
  -1.6774095917756603E-003
   0.2659423732185765     
    1.306851083338136     
   1.9889576800623872E-002
   4.5884814401804595E-004
    1.770642361200111     
   2.1635606615178396E-004
  -0.2220089015545479     
   0.4930389633132175     
   1.7422351712564344E-002
  -0.1509375578185579     
   -3.475347139431335     
  -7.2607386945501241E-003
  -0.9373621700127440     
    9.385073400328102     
   2.6404923485430342E-002
  -8.1744357473834878E-002
   -2.495225376286241     
  -0.1476085042021067     
   -1.743950882825274     
   0.2991807270075994     
   2.7116086268384333E-002
   2.4173454456896632E-002
   -4.467793053103410     
    2.948449855134339     
    3.355517931642221     
    187.5702334016395     
   2.4634970589105344E-004
  -8.7036000269498957E-006
   -2.567977392415199     
   1.7111305959594163E-003
   0.1865041254169841     
    1.438557956281384     
  -0.1103301458664607     
   5.9681944909290670E-004
   -3.614729566052741     
   1.7425679256290617E-004
   0.2132817322011540     
   -1.983905249065016     
    1.522480737330677     
  -3.0547513532983603E-003
   -1.271774431266302     
  -1.1419554179079078E-002
   0.2019252762204130     
  -0.6816612854366041     
   0.2774325076825861     
  -6.0171862456810850E-004
  -0.5514895188192706     
   1.8968842962297360E-002
   -2.247076913301073     
   0.1811903082789217     
   1.2043783957842262E-003
  -5.4411187364570846E-003
    19.44751636967353     
   2.9769654168829460E-003
   -1.710303779784028     
    1.457214462522583     
   5.6149283108730831E-002
  -2.3290345412963943E-004
   0.8627558132772015     
   1.1926400501782821E-003
  -0.1862258019112973     
   -3.900734297983647     
   7.0477272076720362E-004
  -1.4792626626068279E-004
   0.7667560953079504     
   7.0327725979035628E-005
   0.1425491647201117     
  -0.9772211477871143     
  -4.3196329130869210E-002
   0.1458038492153267     
    1.405827758489992     
   5.6516011865845968E-003
  -0.4891174479681735     
    122.3021622162611     
   2.0799597949128205E-005
   2.1154364601559308E-003
  -0.2455895262895841     
  -2.0633850343836104E-002
   -1.360211025633048     
   -1.510907822980244     
  -5.8052080062258822E-002
  -4.5713485483708256E-003
    16.28269572840205     
   1.6389505389478461E-004
   0.3008833450465454     
   0.2183846593409064     
   1.1875835590307507E-002
   4.2933717486064269E-004
    1.355018444907712     
  -0.8197748135487314     
   -1.808399700574484     
   0.3419038386775061     
  -3.2491317395159669E-003
   1.7137383000530408E-002
   -4.617916570852051     
  -2.8352293592268643E-003
   0.5915656376724943     
    22.18058152462534     
   2.1292367092496970E-005
   0.7947498753427872     
  -0.1844597056232050     
  -4.8451823057309350E-002
    10.01764704119607     
   0.6889477782310162     
   1.5840991288912854E-002
   1.9020167040196035E-003
   -1.072145082859438     
  -9.1304178655416139E-004
  -0.2255776524319156     
   -1.300600199897618     
    1.285777412383735     
   4.1261874826856206E-002
    1.570072185893118     
   0.1074626453289362     
   -3.082960462938886     
    5.334362098218610     
   -4.882607698738735     
  -6.1483938946363781E-002
   -2.057759781057965     
   9.8087827750193535E-002
   0.6161218087778579     
   -2.339050640313240     
   3.1152479424292360E-003
  -0.1319592506075062     
  -0.6852391992171538     
   0.1091273666216810     
    4.135632013035073     
  -0.1383526766066275     
  -6.0704505827556786E-003
  -7.9493839137955227E-003
   -1.931155594386790     
    1.124501415154145     
    1.575484885324713     
   -70.62465286632900     
  -3.8864185250232814E-003
  -2.0404154184819724E-005
    1.648114718490603     
  -9.3563767367489453E-004
  -0.1512566220848593     
   -2.706475936217924     
    1.129844254341803     
   3.9049507860181777E-002
    2.063658905112918     
  -5.9686387176024466E-002
   0.7570635401562263     
    7.911016490447262     
  -8.8392268282060149E-002
   -6.063759511176016     
    1.932827183094872     
  -0.1805977007348513     
   -4.931434852505180     
   -5.279705155546332     
  -2.5582566824075121E-003
  -1.0475074429477921E-002
  -0.6807925988152895     
   0.3898379221766167     
   -1.418192904459160     
   0.2040970571663167     
   3.0005671570723990E-002
   2.9500451178259488E-002
    2.047097714242574     
   -1.615500025172728     
   -1.257720595901547     
   0.6297436590006322     
  -0.1603688476174907     
  -6.3445582767445330E-002
   -1.677020150690936     
  -5.0150611232878388E-002
    17.58202546613146     
    80.27983432409516     
   9.9825192354298702E-006
   -80.22767663048573     
  -0.2071819563519280     
  -1.2199405808206866E-002
    2.920385846227830     
    2.603930586152186     
   -1.735512907683597     
   2.7087071701378533E-003
    2.524760789126711     
   8.9498248125676741E-004
  -0.2586058671535489     
   0.9655885988676903     
   4.3653707016202539E-002
  -4.3694507966063140E-002
    2.588903911884367     
   0.1039754783116188     
    36.88525345064733     
   0.4582106737775127     
  -6.6239822939935217E-002
   2.3581446266707710E-002
    1.062061752035447     
   4.3291273324278130E-002
   0.6922451772931961     
    4.520171001927624     
  -1.6617668841412193E-004
   3.9600203004436759E-003
  -0.3508472481083050     
  -2.2278037166190996E-002
  -0.5861759695684642     
   0.2465656600658776     
   2.3909845965182829E-002
   4.9656538313233838E-003
    1.360678818779725     
   0.2598216239362612     
   -121.3656566127777     
   -1.252922945801097     
  -1.9296681724604272E-002
  -3.5136300158187905E-003
   -1.011706053234114     
  -7.3862031882727395E-003
   0.2748991108078812     
   -1.254143897965195     
  -5.6694551200143694E-003
   0.5109473163572854     
  -0.2847555364727320     
  -3.6809778998917540E-002
    1.158961344249215     
   0.8231280421604079     
   6.2143526124471563E-002
  -0.1157399930697607     
   -1.084376571478194     
  -6.9721988192810822E-002
    9.887378162653324     
   0.3940544502463887     
   3.1811837431129135E-002
  -0.1026158502451752     
   0.9487092467514794     
   4.6921019398270203E-002
   -1.591576803678924     
   -2.187755678374252     
  -2.5003566334972072E-002
   3.8735006312246415E-005
    1.624830544461081     
   1.4420868282538158E-004
  -0.1654033661844673     
  -0.1512983260983545     
   8.5187225124998809E-004
   2.9740024999425112E-004
    4.542498053606312     
   0.1404628697430526     
   -4.542685152813402     
   -3.512431199942525     
   0.4679239082525453     
  -6.1761366671805013E-002
   -1.368085327831226     
  -2.6912228144219764E-002
   -1.011481699236059     
   -4.323205317472647     
  -5.4208381980901492E-002
   4.1197518341498223E-004
   -8.161730611255301     
   2.2899741809066787E-004
  -0.2097955509573723     
   0.6975585879550853     
   1.5067735934020455E-002
   6.4037371150939909E-002
  -0.4569649012352909     
   6.9308246185068062E-002
   -1.061633740903530     
   -1.433610401181822     
  -0.1009657070721116     
  -0.1219053634308828     
    2.844029556789291     
   -1.351443199136040     
    1.524795567758695     
   0.6310916208169129     
   7.9996527059395016E-004
   1.6761456470229832E-002
  -0.2613016478470779     
  -5.0877265557985087E-003
   -1.573278747437765     
   -1.482956332061497     
   0.3711745236230336     
  -8.7699072648206658E-004
    3.628624136005571     
  -1.9541148561044201E-004
  -0.2101086334802107     
    16.34265978538426     
   -16.25817929076893     
  -4.9265449336608216E-002
   -2.539893926891051     
   6.0765705309656269E-002
  -0.7864865399889077     
   0.2456772530665500     
   2.1324028082392775E-002
   1.6022200405438031E-002
    9.674546804549305     
   -9.564915990569380     
    1.489985094321392     
  -0.3528181985786735     
  -4.1825528056035531E-002
  -4.2172661443032403E-002
   -13.33101764207285     
   4.5825704208547713E-005
  -0.6708782579048154     
   -11.08271671114233     
  -1.2166257393189065E-003
  -0.8771325759202325     
  -7.3510737068646040E-002
  -1.1273234264602328E-002
   -10.83270882974645     
   -2.213504210507871     
  -1.4034323743274582E-003
   2.2413380780360345E-004
  -0.7167336233668579     
   1.9972601627389261E-004
  -0.1299381139264466     
  -0.6818571053530397     
   8.2847794224741853E-002
   5.5064506117038968E-002
    19.84833374821833     
   5.4404347278689423E-003
   -1.465172745175009     
   -31.36192231966811     
  -1.1072566157658474E-003
  -4.4907144058922345E-005
    1.296622140033549     
  -2.8084670758565691E-004
  -0.2125744772793284     
   0.9146391566053670     
  -1.5675279666376708E-002
  -0.6678646422315068     
    4.604017614662884     
   0.1460166683541476     
  -1.2745240301990757E-002
   0.1452013202651833     
  -4.8113049992040880E-004
   2.5580383898232612E-002
   -34.02901411409256     
  -1.2560544990882178E-002
   -2.567995399919041     
    2.647891948264718     
   0.1458404988427973     
  -6.0781631435361319E-003
    1.535803666351231     
  -8.6996130311676689E-002
   0.4219912850019265     
   -2.728147273599106     
  -4.2414371208713539E-004
    1.115373639237902     
  -0.1643302134237595     
   1.1444020658763810E-002
    1.965124536702544     
   0.1291493491528052     
  -6.8315890375308143E-003
  -2.2979133561896363E-003
    3.758043555813851     
   -3.208588007198148     
   -1.968724616860968     
    4.536599446837311     
   4.4453476225007633E-004
  -1.0466174795490091E-003
  -0.6304243615989570     
   0.1049889486931650     
   0.3613062395650941     
  -0.9035961415431981     
   0.1540920357393711     
   0.1159770020114980     
    9.216887084918319     
   -8.034534789570865     
    4.550692625736613     
    6.745383053573817     
   9.7352349669207723E-004
  -3.3496661654003890E-005
   0.3664528872571923     
   1.3001419285141199E-002
   0.8899182325512246     
   -1.462204330213535     
  -0.1741018815276339     
   1.0367250405590013E-003
  -0.9813103513626011     
  -1.1652955551347914E-003
  -0.1564363921762441     
    1.148187500375577     
   4.4817039258850278E-002
  -0.1075411196792974     
   0.8664117306903394     
  -1.5729663476974121E-002
    3.368108828095064     
   -4.435295139986658     
    2.124017551373928     
  -6.7323376643063721E-005
   -2.989221290111427     
   5.2077535880116143E-004
   0.1689130967695847     
    1.161888498874346     
  -2.3672152268664776E-002
  -0.6735297665774486     
   -4.277312442113551     
  -6.0336835398270736E-004
  -0.6559775991581607     
   -7.635865159430116     
    2.660830899963970     
   7.0948799978813809E-004
    4.683118661777402     
  -1.1991389198109759E-003
   0.2255557932928904     
   0.2972341114820222     
   4.0009326264990571E-003
   7.4309603136440972E-003
   0.7444302764582940     
   1.8525327548220061E-002
  -0.7480720063607664     
  -0.3441221197650675     
  -2.4159785862257217E-002
  -2.0176653180723963E-002
    5.424241841113866     
   -5.051722593857241     
   -1.998762731854322     
    18.98442089554336     
  -1.9351496649271560E-004
   -18.60899322475037     
  -0.1618852013621096     
   3.5409242701924582E-002
    3.781059728980418     
   -2.106710788803568     
  -2.8097179195206621E-003
  -4.3823178984400983E-004
  -0.8106540594954986     
  -2.6776286293116706E-004
  -0.1996837704559342     
   -1.998705825771241     
  -0.1272595178589905     
   1.1789571167130366E-003
    46.81314183118306     
   1.1441078726528546E-005
   0.2713513919354527     
   -1.314321605791055     
   4.1293308313439811E-003
  -1.8773583097104446E-002
   0.7375489577454124     
  -3.9926885641202579E-002
   -21.08041517604398     
    1.647471668397804     
   0.3194907262173253     
   0.5511083406992023     
    2.819878466175474     
   0.3705951656617383     
   -3.182614724650233     
    4.723534223957272     
   9.5004688832553945E-005
   2.0959598778975751E-002
  -0.1871251982308996     
   3.0030208391857100E-003
   -1.892913909866836     
    2.058212206226560     
   -1.325124402985252     
  -1.0502892908251358E-002
   -1.575911460924462     
   2.8741123201958638E-002
   0.4168053820868033     
  -0.9109506351416150     
   4.5564372037433021E-002
  -2.4799141869447983E-002
    3.137988217719283     
   -2.668817351437711     
    1.354016690482492     
   0.8229214121535074     
  -3.9816769259019398E-002
  -4.0520907736559399E-002
   -1.027327520893344     
   2.8688219237373885E-002
    2.055159134891508     
   -2.406121648652224     
    1.855168199931459     
   0.2120020947716400     
    1.865745150936848     
   -1.632020323835794     
   -2.140550976552850     
   -1.311482605435719     
   0.3497249085192499     
   0.4200490728339139     
   -1.671534335181912     
   0.6822464252129269     
    1.042813370045597     
   -1.895790585870755     
   3.2549684162095163E-004
  -5.1377905891949315E-002
  -0.1872414952279136     
  -2.9893351040595362E-003
   -4.721472422052920     
    3.699767235193236     
   1.8202882577243666E-003
  -9.8868313693153690E-005
   0.7809980663305385     
   1.3484389138378554E-003
  -0.2346901481685626     
    1.566842780715429     
   7.8073722893343550E-002
   4.2630057789969584E-003
    1.841310798450153     
   3.1821328409395952E-003
  -0.3148966880196968     
    6.081426538043131     
   3.0993024905495496E-002
   -5.533248284281772     
   -1.218042951819422     
  -0.2268858330751029     
    2.023998574615061     
    1.505649436063125     
   0.1128674720394773     
   1.6647089421085381E-003
  -0.7612551576778672     
  -7.9720452808991189E-004
  -0.2016525594326989     
  -0.2522203374572276     
   1.0497785522926694E-002
   7.8421656960902270E-003
    1.660752835898949     
  -6.5608381367044402E-002
    2.722029740227983     
   0.6444643363789386     
  -2.9942403554851062E-003
   1.1858321911865762E-002
    2.493802883691334     
   1.5943527390621306E-003
   0.3159910332158669     
   -1.191211716774014     
   1.3331081930220770E-003
  -2.0477541378550686E-002
   0.8791606759235973     
  -0.1050553607943427     
    1.527918244713249     
    19.21909566537557     
   1.3264945705659160E-002
  -2.2087607952464266E-003
  -0.8990865748020699     
   0.2558404505962428     
   0.4380017746765402     
   -12.14309373569764     
   1.9098521030062340E-003
  -1.5116289952482355E-005
    1.524783684405969     
   5.7490493582271673E-004
  -0.1293471363437970     
  -0.7337260942147342     
   0.1063936758241887     
  -2.0093498421037036E-002
  -0.3491324293940740     
  -1.6350688291840377E-002
   0.8128835234485376     
   -4.985307021889118     
   4.4397352387925137E-005
  -1.0796664198800127E-002
  -0.1327465476690111     
  -2.1231019771221879E-003
   -1.281348673899087     
   -1.105812092780537     
  -7.9738383274556013E-002
  -2.3974495373752934E-004
    1.651736071859299     
   1.3854077270040730E-005
  -0.1367135083476758     
   -1.033572768104884     
   4.1278191521494131E-002
  -7.6245577421194090E-003
    64.92162552544259     
  -3.2742229823551004E-005
  -0.2790612124754875     
  -0.9970724907262858     
  -3.9091125796345078E-002
   0.1381461624369627     
    7.188709979833597     
  -2.5488121343917145E-003
   0.4516483695951203     
    1.327308626837713     
  -1.3868051124989774E-004
  -0.6402816583573399     
  -0.1535834477816846     
   2.5613024975933776E-003
    1.156603001075540     
  -0.2069269822141713     
  -5.5108460921629125E-003
  -4.4691386439588551E-003
   0.9166305938394629     
  -0.2859132016951253     
  -0.8725580794507892     
  -0.3058015671044538     
  -1.1721310617851678E-002
  -1.6041177181594920E-002
   -2.635352052670834     
  -0.2947246717567588     
   -1.663540987877547     
    1.450452765638905     
   -1.506210478196018     
   8.5414379445999902E-002
   -1.160296993552555     
  -0.2559945113043264     
   -6.171210311034644     
  -0.5524990393607461     
  -1.2625276316508399E-002
  -1.5992917729222879E-003
  -0.8034751760260932     
   7.2814231086332942E-005
  -0.1734982831178353     
  -0.6042809798976205     
  -1.5265208168680938E-002
   0.1120542373566671     
   -1.525458593109296     
   3.3402345718880734E-004
  -0.3336527898261300     
   -1.899174712212276     
   3.8570735196253814E-002
   2.5093116129661974E-002
  -0.8815474256751711     
   4.5373122223359444E-002
   0.9816713521491581     
   -3.879294881003865     
   1.7069882011087847E-002
  -0.3930316103866724     
   0.6096011222366796     
  -0.1847430374272073     
    4.135857179800485     
    1.852248155018393     
   2.2593399832962380E-002
   -1.505639604643142     
  -0.9292542619304306     
  -5.6793714665005574E-002
  -0.8054698316985536     
   -9.698349063111856     
  -1.3323336840723582E-003
   1.7623458381976553E-004
    1.145407211581785     
   2.7176061100134433E-003
  -0.2786517663283886     
  -0.5334260327819844     
  -8.5252840020441922E-003
  -2.9345816889170874E-003
    2.795662930646203     
  -3.4862242132372931E-004
  -0.1935769687784089     
    6.554536485536201     
   0.1448083645064077     
   2.2362007569470001E-003
   -2.807390494730503     
   5.8877504359874711E-002
   0.9944625913530190     
    15.43993843123440     
   0.1023688832523953     
   1.9152187638714897E-004
    3.734095298165095     
   6.0402026758841042E-005
   0.1512316531493224     
    34.40052593343110     
   1.4690496239487452E-004
   -33.97088414923643     
   0.2306173750563197     
   3.5964292106723639E-002
   -5.368054112277397     
    4.365340469905450     
  -3.0094570773911610E-002
   1.0210303009177028E-002
   -1.190741209316242     
  -5.8575234708251975E-002
   -1.610791048553641     
  -0.1701741895854838     
   3.3068123177102545E-003
   3.1790159858757672E-003
   -1.204990401177085     
  -8.6204095419691415E-002
   -1.201413030024627     
   0.6947740253039915     
  -1.1330028629402820E-002
   6.9983384294470825E-004
   -96.85750648645306     
  -8.4776945611781880E-006
   0.1804679024231801     
    1.160261078979606     
  -0.1951417021759621     
   9.6296767183382467E-002
    11.25964201723725     
   0.6052219306486746     
   -5.742055698730807     
   0.2130422158846667     
   5.3321424691839137E-003
   4.3490976915386212E-003
    1.729765993327339     
  -0.5786672756471701     
   -1.639978368690590     
   -2.244368206955683     
  -0.1184713583853653     
   3.6532439725969003E-004
    11.39887256235103     
  -3.0411236717846304E-005
   0.2145983258424980     
   0.1735936101210486     
   6.8377848910329770E-003
   1.3694421387864624E-003
   -5.513200371961757     
  -2.6237095165716144E-004
  -0.5395594831542351     
  -0.2524728730719595     
  -3.7500168952273746E-003
  -1.8882031362000868E-003
  -0.8178718636238288     
   7.8290369675793701E-003
   -20.82754575107409     
   -2.373318002841117     
  -0.1107285489414075     
  -2.9114357610509627E-003
   -3.870188852723381     
  -5.1582852231718014E-004
   0.3163583801196564     
    17.38059351327017     
  -1.6835091318578843E-004
   1.2083441774452454E-002
    1.139244683340391     
  -0.2675266670769426     
   -2.145013530503991     
   0.3700437807584420     
   1.1608210221853942E-002
  -0.2471601496553084     
  -0.8051742091774531     
  -1.7017578237674198E-002
   0.7129573260236012     
   -31.12615288308872     
  -1.9669407874431245E-003
  -2.3828064759729933E-004
  -0.5830318261031954     
  -9.8225288101870946E-004
  -0.1864928287911938     
   -3.025292368653068     
  -2.7807012375932298E-002
  -1.4153553717840970E-002
    1.576133286290201     
  -2.4227795897705632E-002
  -0.7516630360074904     
  -0.8880397510726519     
  -7.9064911644319155E-002
   6.0088570639858015E-002
   0.9955988394089794     
  -0.1147602288031289     
   -5.464085011628648     
   -14.34508236147590     
   1.0711832104153053E-003
   1.0539070854308556E-004
   0.5595657273350740     
   1.7004378325726171E-003
  -0.1708114852676489     
   -3.394376565486767     
  -2.5136229864495336E-002
    2.969025724953468     
    1.986393120275898     
   8.9788339776771600E-002
   -1.093096505900334     
   -2.519797935117128     
   1.5389029268929033E-003
  -2.5905667944225658E-003
   -1.920618911984616     
    1.631415112913577     
   0.7994443512921277     
   0.3059772314760112     
   3.8938049693535127E-003
   3.0157603556146876E-003
    4.696309435441813     
   0.1581562248455906     
    4.693366388755464     
  -0.7654250479841801     
   0.1347568801785638     
   3.6863353053296290E-003
  -0.6169553232211830     
  -7.7354366714890027E-004
   -1.731208005699919     
    2.053259769079808     
   7.4711067601295450E-002
  -0.3121496715006619     
   -4.019938377894873     
  -0.5211448050302583     
   -4.330538510410332     
   0.9402219669704537     
   0.3370553717643007     
   2.9123871450903753E-003
   1.4625563240029454E-002
   2.4963811197651932E-003
   0.3083299702122673     
   -2.659905354146570     
  -7.2838717841132022E-002
   3.2287252985409644E-005
   -1.525406368441361     
   2.6053994871594246E-004
   0.1158529809163746     
   -2.228914461755052     
   2.3560070304878052E-003
   2.0122305950589039E-003
   0.6414272093395011     
  -0.3011129384397895     
  -0.6021624589826441     
   -14.61341806773114     
  -0.2018025439148962     
   8.2726481696240699E-004
    5.404147995913715     
  -1.4363308478612452E-003
   0.2596365683499307     
    1.509035046749443     
   2.4585251743342435E-002
   1.6653707077321919E-003
    562.6667486237975     
  -4.3756984331270135E-006
  -0.2160390795893602     
   -2.927917466426836     
  -1.2521547022194796E-002
  -1.9523897313867011E-005
    1.085982458738441     
  -1.7722907149209491E-005
  -0.1669794102653415     
   0.6215751422119136     
  -0.1823648775514382     
  -1.4765476504580559E-002
   0.5690490633161127     
  -5.4502359533513140E-003
    10.10036871341958     
    22.09104443092775     
   1.8109111973774869E-003
  -3.2249928853475847E-005
   0.9550214939967384     
   7.0106362748331903E-004
  -0.1338471070269154     
  -0.8424170175283854     
   0.5478614899760793     
  -5.8063391031113076E-002
  -0.6799892219994607     
  -6.2406221192347254E-002
    2.832761495669089     
    1.156364453334487     
  -0.2115148416477255     
  -8.7623312911456353E-003
   -1.651414288624557     
  -5.4330549362475278E-002
   -10.87713288879145     
  -0.7523052355642195     
  -3.8316235665459761E-002
   2.7990342040973152E-004
    1.115249066938900     
   2.1735143393062905E-004
  -0.1329379579904361     
    6.568279888147919     
   1.1842342326701597E-002
   2.5953753116372172E-002
    1.948193843323538     
   -1.868823446540552     
   -1.217726802819350     
   -2.954160510557839     
  -8.6039912795461193E-002
  -2.4854086499741776E-005
    23.44763322399393     
   5.7443730283023702E-005
   0.2622993373176326     
    1.055125585000025     
   6.3870523868480203E-002
   4.2344643733118671E-002
    1.300396374550538     
   9.1943844628034825E-004
   0.2679097752088866     
  -0.1934298239446759     
  -1.4234597778942624E-003
  -7.6355287553234446E-004
   0.9116951263712201     
  -5.2793231500986911E-003
   0.9111605160042079     
    1.250661916358677     
   7.4735821654833166E-003
  -0.3562619899491382     
   -11.57575687804231     
   9.8266318673324252E-004
  -0.7486522550647066     
    2.643860824580538     
   0.1835182854836155     
   1.5394781626299110E-003
   -1.653538602213206     
  -8.4216029445271471E-004
   0.3125773951378348     
   -8.440141617555810     
  -6.5863534521623686E-004
   6.5094415235287761E-005
   0.6771022278268091     
   3.9763005587259981E-003
  -0.2339740771749204     
    3.245761086849203     
   -3.127465568808296     
  -9.1668578560285971E-002
   0.7264543611590979     
   9.2046346319901953E-002
    1.374404996104543     
   -3.042473320739597     
  -8.2302881096237054E-002
  -8.6698414743628549E-002
   -3.084480581450860     
   0.1397154793403738     
    1.129828051610495     
   0.6548730414412954     
  -7.2741216467943889E-002
   2.3111021080911526E-002
    41.85272789257706     
   7.3334004404193440E-005
   0.3012199712532656     
   -47.49650922872165     
  -5.2117205278744919E-003
   2.0787688517632497E-003
    1.368110247265764     
  -0.1386769937163350     
   0.6893689049784141     
   -2.857120905047170     
  -0.2707654292096671     
  -5.8747868922638747E-003
    10.24995480694121     
   1.0734752326378681E-003
  -0.3600650353970974     
   0.8935834178999561     
   1.4122969125010848E-002
   2.5285020207789909E-002
    1.192247090607985     
  -0.3692151440717525     
  -0.6924599599023318     
   0.2597269766511019     
  -9.2366587401657185E-005
   4.6576009358909737E-003
   -9.336404374889069     
    8.453133080381107     
   -3.966389416643297     
    7.116075694961621     
  -2.2457126183803657E-002
   0.1182476870993252     
   -3.899697896244096     
   2.8224491211324403E-002
   -6.560370058018394     
    5.929476242628956     
  -2.4164068941307188E-004
   -5.798112678554842     
   0.1548341089581584     
  -1.9480205351716094E-002
   -1.249478958272861     
    1.507559816323996     
  -1.1539214607718970E-003
   1.3851776319845623E-004
  -0.5306314820348680     
  -1.0169309415006278E-003
  -0.1656904790245692     
   0.2130058881744666     
   2.6222676738454520E-002
   2.0222224133766464E-002
   -14.51363798835316     
    11.90401309553327     
   -8.290379534237275     
   -1.727539918154875     
  -0.1168434243828419     
  -6.4813553783113140E-002
   -1.045251185668268     
  -6.1116105168655073E-002
   -14.12143498195001     
   -16.52941822560618     
    16.50376968262765     
  -7.6934479183505405E-003
   -1.020285935593091     
  -5.3493441845901955E-002
    2.002228504977905     
   0.1565179393600491     
  -6.2951772539670816E-003
   2.5752136369414008E-002
   -8.365054622009536     
  -0.2816596873127844     
   -8.369531195045921     
  -0.2500852616938273     
   1.9174128618146120E-002
  -2.2495574618950401E-003
   -20.87957675576473     
   7.6015049930207033E-005
  -0.8251516359651658     
    3.841316134535011     
   0.1378044033784645     
   1.0794632436057774E-003
    80.80061721274375     
   9.7432123520276870E-006
   0.2205662553039817     
    3.869677404526574     
   0.6535522383865741     
  -0.2903690433635359     
  -0.2610447666080424     
  -4.5196146883039350E-002
    4.864622844054831     
   -1.142994322874586     
  -8.5100843049083413E-002
  -1.6657866750498018E-002
   -5.468704708896619     
   -1.094322405314239     
   -10.64596595902507     
    1.099268500150933     
   0.1715849853679224     
   9.2224025816733848E-004
   -2.911587696691671     
   8.8073910887632889E-002
   0.6182998026053359     
   -2.057380383841105     
   6.6406388717981839E-003
    1.316815779910063     
   0.3957035333885831     
  -5.7652326119325935E-002
   -1.586424423827826     
   0.1723247591423875     
   2.3113029664884564E-003
   5.4120766237022834E-003
   0.5357031526769692     
   5.5310941184393662E-003
    5.509410053928623     
  -0.2505399096132751     
   3.5622551325899757E-003
   6.7816745968642296E-003
    14.06838371075494     
   0.9366936062969558     
    14.02619747940867     
   0.3065867334570673     
   1.4791707653485246E-002
   1.1940606048381545E-002
   -1.688981446212422     
  -0.4594087943128818     
   -2.597307239867792     
    8.053800379521508     
   -8.024335586222060     
   2.6067701840306844E-002
   -1.009898389050445     
   1.7394744098320418E-002
    1.032370096350662     
  -0.2132214395008542     
  -2.9497975983299824E-003
  -3.1640421261882354E-003
   -3.259356797672092     
  -9.8984931269532422E-002
   -3.253844283828436     
   -1.548657972895866     
  -4.8839272456475347E-002
   2.4428719840057334E-002
    1.230693771048754     
   2.7453376121754990E-002
   0.4379355895747702     
    2.564181843669391     
   0.2700608673343228     
   5.8891088821372197E-004
    7.260466763655699     
  -1.4478133537884732E-005
  -0.1379429287459233     
    2.461957185432062     
  -0.1664900815010160     
   8.8417254777667459E-002
   -1.270479739948505     
   1.7462912606356015E-002
    18.73687326118175     
   0.3651024735214479     
   1.6346576365277168E-002
   1.5773820515453868E-002
  -0.8829195094369732     
  -2.9727699623332557E-003
    6.694467001014473     
   -2.248198765310614     
   0.1554491154566429     
  -8.5163949255823074E-002
   0.9284254151099200     
   0.1666895353199082     
    1.649618499924032     
  -0.1966774029937247     
   4.0148064801667745E-003
   5.6149376090601170E-003
    6.113616349788425     
   -5.571444866473867     
   -2.507443808811351     
   0.6181815754256145     
  -0.2167091931882820     
  -0.1654202682791354     
   -1.187458554931012     
   0.5837135358685244     
   -1.023301432947618     
    1.133373958694120     
   4.0152891934233112E-003
  -0.7981446492199208     
    1.501538460099109     
   1.5777560433441178E-002
   0.6422815083951590     
   -2.264137263051986     
   9.6778728653526146E-004
    1.356493837512753     
  -0.1645925301614428     
  -2.6372529838143430E-003
    2.395983940098378     
  -0.1329360223859733     
  -2.1896392573622684E-003
   1.3619479496739979E-003
   -1.280247221334614     
  -4.1395214237920502E-002
    4.983849626409946     
   -1.608434477482959     
  -2.0626407742518751E-002
   5.1191310969014608E-002
   -1.215504535362945     
  -6.5092500062475470E-003
   -4.200770891395316     
    5.900220347438738     
   0.6032568356493340     
   3.3424072329436648E-004
   -38.08675831317033     
  -1.1241530110067002E-004
  -0.2148066435583079     
  -0.2440536179017895     
    3.308644385790327     
  -1.6524089276598382E-003
   3.3383844547537310E-002
   6.8691383032822365E-002
   1.4109186540027913E-003
   2.1982214465026871E-002
   8.7145362598532172E-003
  -0.3016168498218869     
  -0.2946021701085600     
    1.555650206773364     
   1.9022815613509070E-003
   3.0695475558776452E-004
   0.8950616826357313     
   5.8632760956873207E-003
   0.3246144867683402     
   9.7326981131498624E-003
  -0.1082188933858696     
   0.3126921504310696     
  -3.7336111411695808E-002
    1.747941092628969     
    5.309828463302844     
  -2.1832481665355740E-002
   4.5659928507046983E-005
   0.2310384452808948     
   -2.325627046911429     
  -0.2643252795702281     
    1.059137715032622     
   5.1896367371831453E-002
   6.4724701628828167E-003
   1.1678485135300050E-003
   1.2923211553721831E-002
   0.5303723614791857     
   0.5521909259868166     
   4.6128594303913905E-003
   0.1897761919376901     
   0.1164920534762773     
  -4.1608743603708830E-002
   0.5487779566529355     
  -5.0889449157621440E-002
   0.7328235983897381     
   1.5465945914070309E-002
   8.2615040276495730E-002
   0.1644831427182430     
  -3.4688382305852914E-003
   6.9754721588498776E-003
    1.510617738922001     
  -5.5195614962126542E-002
   0.8216393351620861     
  -0.1284339825460905     
   0.3770112822945118     
   2.8492058787665749E-004
    7.784590817682881     
   4.9562965250443648E-004
   1.2167534858629229E-003
   3.5919089542476731E-003
   0.6516341197448237     
   0.1378358413624391     
   9.1563056872283528E-004
  -0.7207189402876610     
  -5.3215406821921010E-003
  -0.2557537964072950     
   8.3004068707021650E-002
   3.8287061769892113E-002
   4.2085480578631013E-002
  -2.8402843547430819E-003
   0.1377743993182543     
   8.2633929121561263E-003
   0.3154127279692149     
   0.1970254220729263     
  -2.2466293595423053E-002
    3.540089593982406     
    3.180974603769525     
    6.125043611387825     
   0.5912808202791531     
  -3.4627609029365134E-003
   0.1085341470024623     
   3.0839198751581395E-004
    2.940860331165563     
   0.3521566716295745     
   0.7833617639009804     
  -4.1231408223564213E-002
    4.899375706951259     
   0.4971875186687226     
  -0.8584554487808626     
  -1.2036670881286715E-003
   5.9446049395403711E-002
   0.4790318656115923     
   -1.332098010408902     
  -1.6324023344638598E-003
    2.143976754254648     
   2.8124433586991075E-002
   1.0109580058447504E-002
   0.1446740885899605     
   0.2454641360861989     
   2.1685304444229998E-003
   7.8025624564530716E-002
  -7.5884078699938113E-004
   7.9209529231202350E-002
   0.8197736215391541     
   5.1891657381470157E-003
   4.0916285092896599E-004
  -0.2968248629458292     
   1.6253238363484581E-003
    6.906292794153364     
    1.063181597698093     
  -1.2244794401698722E-003
    4.812643006977121     
    1.123092026243936     
   1.5815204027603228E-002
    3.472774296647033     
    2.369426478227238     
  -0.1453346787325852     
   2.2535385977727890E-002
   7.7268944881408869E-002
    6.853965003842193     
  -2.1917733365080048E-002
   -2.325141143977045     
   -1.222032473642972     
   1.1490437011614960E-003
   1.0422518206969373E-002
  -3.4797127757690283E-002
  -2.4685736312421680E-004
   0.6618427662663697     
   9.7705320504073660E-003
   2.0942929142137707E-002
  -2.2745010047688550E-006
  -5.1438950319128637E-003
  -0.1762324864282151     
   0.3027667231235365     
   5.1295184216915028E-002
  -0.1272030042968257     
  -4.0711936296016771E-003
  -0.2084650061615046     
   -1.080495610149495     
   0.1083065182578237     
  -9.3585486742212787E-002
  -5.1028295309468258E-002
  -2.3511611089080151E-002
   -1.487322991403635     
   4.0548206792672015E-002
   3.3674174273407792E-003
    3.433331641117939     
   6.3221427050383786E-003
   9.1204324584948267E-003
   5.5884131779818510E-003
  -0.6990533326569912     
   0.5921312222377094     
  -2.9606096236402507E-002
   0.6481814429086342     
  -2.4046297660670311E-003
   3.7082149058414636E-002
  -0.6992128734528192     
    1.424850982159705     
    1.194094765559207     
  -5.9203553679741915E-003
  -0.8687942680218897     
  -2.1856054701392376E-004
    1.025435786181049     
   0.3862997940270571     
  -4.5290831628720376E-003
   3.7857257523611299E-002
   0.2545466397541005     
  -0.3411286273240638     
    2.285143058819005     
   3.3532170816188579E-003
  -5.6761385824984231E-002
   0.4816270754604264     
   0.6846454934436709     
    1.437279818733228     
   5.1653434786637607E-003
   0.4670594235110868     
  -0.3234059769909163     
    1.037697929463565     
   2.2728706614611630E-002
  -4.9402703750461310E-002
   0.2096219219501030     
   0.5649561991591391     
  -2.7394423048613927E-002
   1.6812986500963301E-002
   1.2828745341051313E-003
   7.1484890000006768E-002
   -3.812054453171373     
   1.1043715497154293E-003
   2.3495466556151456E-003
    1.537722587956120     
   0.1230229511863879     
  -0.1371948574793256     
  -4.1121264248436595E-002
   0.5801450122671447     
   3.6872940733971254E-003
   0.1969907493324938     
   4.7575258003126628E-003
  -0.2915623176134426     
   0.1252846569387095     
   2.2668313862471558E-002
  -1.1463787281508608E-002
  -3.6878978609917568E-002
  -0.1297388832090932     
   0.2699779585225834     
   5.5578509019642347E-003
   1.8616165720325888E-006
   0.2903232261124377     
    1.402846486869515     
   1.3051600519515916E-002
   6.6645782014733022E-005
    2.174988287711095     
   4.4788065380278033E-002
   1.5446173422740236E-002
   2.5918931174379302E-002
   2.2865342078940945E-003
    1.162847259567695     
   9.2840545385573341E-003
   1.6672293625161979E-002
  -0.5556184624700330     
   -3.129317261800344     
  -1.6154608436720626E-002
    2.869034298860178     
   0.1815550749537065     
   5.1279350046669059E-003
  -3.8308705385728233E-002
   3.6025155432873194E-003
  -1.7106042902230846E-003
   4.9821160216319348E-002
  -0.3415853576182448     
   2.4883774820068792E-002
   3.3734127991171670E-004
   9.1806767871360114E-003
   0.7950794001279036     
   4.3682436195715225E-003
   4.6018739991099270E-003
   3.2383606750062210E-004
  -1.4172340636725711E-002
  -3.9955226210575096E-002
   9.8322482221141114E-004
   7.8084852007674610E-005
   3.0729915113127844E-003
  -0.1412869500441506     
    1.472245001640103     
  -0.1317019046663667     
  -1.8173416951363442E-003
    1.441817149018235     
   1.7256366308063956E-003
  -0.7069786402965718     
    1.171177133308292     
   9.4389215430828746E-002
   2.1915076654113732E-003
  -0.2102078002964794     
   0.1070864259941553     
   7.7482738009991448E-002
  -0.1265311132570887     
  -0.1348005233147687     
   0.2844924594712812     
  -0.3437589489295010     
   7.9868326649163143E-002
   2.1405571388176488E-003
