 36
    28
    26
    30
    32
    36
    38
    38
    40
    30
    28
    30
    32
    26
    32
    32
    32
    34
    32
    32
    34
    30
    2
    32
    26
    30
    38
    40
    36
    38
    40
    34
    40
    30
    38
    32
    0
    34
    36
    28
    32
    28
    28
    38
    32
    24
    32
    28
    28
    30
    32
    34
    26
    28
    36
    26
    34
    36
    32
    30
    30
    32
    30
    30
    38
    28
    34
    32
    24
    28
    28
    34
    30
    34
    32
    34
    34
    34
    26
    30
    30
    28
    36
    38
    30
    32
    28
    34
    32
    36
    36
    34
    36
    34
    32
    30
    30
    24
    28
    34
    24
    34
    34
    38
    38
    40
    38
    36
    34
    32
    32
    36
    34
    34
    32
    38
    38
    38
    28
    28
    26
    36
    40
    34
    34
    38
    32
    36
    36
    36
    30
    30
    38
    30
    34
    30
    34
    36
    30
    34
    24
    28
    32
    34
    38
    30
    28
    38
    30
    28
    36
    34
    34
    34
    32
    32
    36
    32
    34
    32
    36
    30
    30
    34
    32
    36
    36
    4
    10
    30
    32
    36
    34
    38
    34
    34
    34
    32
    28
    28
    40
    36
    32
    30
    26
    26
    28
    28
    38
    30
    38
    34
    34
    32
    32
    28
    36
    32
    32
    32
    36
    34
    30
    28
    34
    36
    36
    36
    32
    24
    40
    30
    30
    36
    38
    38
    26
    30
    36
    28
    26
    34
    30
    34
    36
    2
    30
    32
    30
    36
    28
    40
    28
    34
    36
    34
    30
    36
    36
    38
    34
    30
    28
    32
    38
    30
    34
    38
    28
    40
    30
    34
    28
    36
    32
    34
    28
    32
    30
    30
    34
    32
    36
    38
    40
    24
    34
    32
    28
    36
    34
    34
    26
    0
    36
    38
    40
    24
    34
    40
    30
    30
    38
    30
    38
    30
    34
    34
    30
    32
    24
    30
    34
    30
    34
    28
    34
    28
    30
    36
    28
    22
    38
    38
    38
    32
    32
    30
    34
    30
    32
    36
    36
    38
    32
    22
    34
    28
    36
    28
    34
    34
    30
    30
    38
    32
    32
    36
    34
    34
    34
    30
    32
    12
    32
    34
    30
    32
    34
    34
    32
    40
    24
    32
    34
    36
    36
    38
    36
    32
    32
    30
    32
    30
    34
    34
    30
    26
    4
    36
    34
    34
    36
    30
    34
    8
    34
    30
    30
    28
    36
    30
    36
    24
    36
    36
    28
    38
    30
    32
    36
    34
    30
    28
    24
    10
    38
    36
    34
    32
    30
    24
    30
    34
    28
    40
    36
    36
    34
    26
    38
    34
    36
    38
    32
    38
    34
    38
    32
    32
    28
    32
    36
    36
    36
    36
    28
    24
    30
    34
    28
    34
    32
    36
    34
    36
    40
    26
    34
    28
    38
    30
    32
    28
    34
    40
    32
    30
    36
    40
    28
    28
    32
    28
    36
    36
    28
    34
    28
    32
    30
    36
    30
    28
    34
    32
    40
    26
    34
    28
    30
    34
    38
    26
    34
    36
    32
    36
    30
    30
    6
    40
    32
    28
    28
    32
    28
    30
    36
    30
    32
    34
    36
    32
    30
    30
    38
    38
    34
    32
    36
    32
    34
    26
    32
    32
    36
    34
    36
    36
    34
    36
    24
    22
    32
    34
    30
    40
    30
    30
    36
    30
