>> g

g =

   3.70281584504956
   0.05018647786252
   0.01218781348277
   1.89367641820777
   0.01557116258017
   1.12002484060889
   3.31161539838513
   0.03936405439571
   0.01215603540087
   0.71063999232639
   0.01620587498982
   0.74689821517531
   3.47450696703249
   0.04296858344044
   0.01426603149266
   0.67112077163538
   0.00557586312231
   0.90272494259165
   2.60483262937051
   0.05069031019172
   0.00805838696254
   0.54539490960441
   0.01366995606538
   1.02219883940306
   3.59522421441198
   0.05370072122260
   0.00862825719470
   1.41306482009068
   0.01142158443946
   0.96528055233870
   3.10964257134502
   0.04440770316171
   0.00509929868775
   1.48781500220316
   0.01618246509034
   0.69092942053225
   3.19391267615502
   0.05243453274686
   0.01711476498922
   1.56148866091507
   0.01023207845132
   1.15168181230795
   2.61909579287163
   0.04904979026591
   0.00959529477348
   1.59448487790261
   0.01654180766070
   0.82540144519296
   3.36782177536434
   0.05621485513325
   0.01328197475042
   1.63302787879035
   0.01269792662376
   0.56627404251937
   2.38679067744693
   0.06389001453885
   0.00063470393199
   1.55919846077659
   0.01615210537286
   0.62590226646531
   3.34710946999335
   0.05995379320288
   0.01386457220825
   2.53445818628235
   0.01737777168311
   0.68775971047950
   2.92294058774248
   0.05072234407657
   0.00388360190734
   1.44349806837320
   0.00871311355433
   0.56306704784005
   2.53113445023065
   0.05555273433830
   0.01547860318503
   1.69407102175774
   0.00138474063377
   0.69559987201873
   3.07170593629872
   0.04293485130516
   0.00887156744685
   1.41733373396994
   0.00620283627392
   0.87944110089286
   3.36280277006759
   0.03495928432608
   0.01244611073509
   1.94396515597075
   0.00242015992605
   0.89311422607867
   3.22505636305864
   0.04610548516958
   0.00368276337772
   1.91568418051196
   0.01773566460449
   0.88526843133817
   3.35943386674590
   0.04808805653767
   0.00991240817321
   1.61129694000928
  -0.00039088652839
   0.86817946368668
   4.33515390685569
   0.05336671957818
   0.00615888707101
   1.46414893364531
   0.00683619513284
   0.76962061803304
   2.87213272939409
   0.06367587459378
   0.01346959341806
   2.77643721617393
   0.01337783251398
   0.66563777878012
   3.12051598250389
   0.06364158920174
   0.00824453397937
   0.97175402790016
   0.01508006066689
   1.12534206652687
   3.95413195849969
   0.05249776342498
   0.00769235466054
   1.52928796247850
   0.01303715174174
   0.58775343007106
   2.90954034490938
   0.07017609220336
   0.01504122563953
   1.57355387214212
   0.01571711740140
   0.80825368340202
   3.55607578490299
   0.02546517251912
   0.01362982286194
   0.76189692449746
   0.00298640636418
   0.65310894661137
   3.37169838209588
   0.04203301654847
   0.00927775627474
   1.70873046152579
   0.01971207985866
   0.60944864019779
   2.49594659777304
   0.04656552512327
   0.01498641225220
   1.14069029033530
   0.01190298465385
   0.53347944641788
   3.14645994730650
   0.05067957316631
   0.00117332551329
   0.40745161335037
   0.01408533633908
   0.98629190113952
   2.18256533847649
   0.05764709803956
   0.01674743216944
   1.96932709896991
   0.01086211396253
   0.44962504759547
   3.16865321751163
   0.03158704887692
   0.00826040297362
   1.71557067304958
   0.01270341849210
   0.72283637224829
   3.33294806106540
   0.04581036447452
   0.01793433527208
   1.54717019150327
   0.01531193489889
   0.74066093509288
   2.82026893774172
   0.04499503661712
   0.00993828681069
   1.73078288919303
   0.01345166903246
   0.68554166383620
   3.50646811552221
   0.04685092245579
   0.01203013509514
   1.40546036391170
   0.00217884739328
   0.86564996437218
   1.60552947351052
   0.06840286693766
   0.00550373409887
   2.73076906239263
   0.01705961793568
   0.98248935051899
   2.69998500447240
   0.04313902101727
   0.01061620557974
   0.91205449351720
   0.01332580784034
   0.42723831858070
   1.81449428804252
   0.05115109023208
   0.01020100918344
   1.41090100042451
   0.00401143682790
   0.59556461438626
   2.85019701833974
   0.04212848403325
   0.01221103213541
   0.92800589757158
   0.00492041215925
   0.86187986878818
   2.77664560844605
   0.04209886616644
   0.01396677297296
   1.86867074131228
   0.01514859788406
   1.25032073254191
   2.31125438425347
   0.03419804710010
   0.00479237556745
   0.79361511725750
   0.00604925368328
   0.72066153698983
   2.73425654441718
   0.04752847864537
   0.01765058711896
   1.06513313097723
   0.01323953088016
   0.56992675314591
   1.65708841769277
   0.05983911458782
   0.01161631720387
   1.90058545133549
  -0.00216932107236
   1.10403316344309
   3.46752239809420
   0.03177780472931
  -0.00004480914902
   1.79403515463186
   0.01362775618782
   0.97964283090408
   2.38634246309450
   0.06046383660736
   0.01637383575748
   2.39220691931082
  -0.00144278336751
   0.29144589756090
   3.45632090596896
   0.05201700220430
   0.00363690981331
   1.79271411519095
   0.00783273990893
   0.84984837817200
   3.48582009794542
   0.05371107471758
   0.01236578695144
   2.10491546033892
   0.01395142655031
   1.10569424616956
   2.84576688427927
   0.04533535586991
  -0.00042286325784
   2.46897217271706
   0.01083455912959
   0.49899177229408
   3.30639698734751
   0.06058683064366
   0.02054431040783
   1.19388310765897
   0.01267551261707
   0.43353186271777
   2.95281986977177
   0.04742505811817
   0.00281560619410
   2.03304872884323
   0.01072529710524
   0.76038814218034
   2.86702503576841
   0.03556760530704
   0.00759250126243
   0.61609099721627
   0.00875848125552
   0.70713026610634
   3.37597177906018
   0.05131653283180
   0.01144423619619
   0.48577755802235
   0.01884130526658
   0.52790956251458
   3.42984786365920
   0.03581302958278
   0.00562150820769
   1.53172976808465
   0.01493464050114
   0.63821587201070
   3.38350192168660
   0.06419059791126
   0.00214502711236
   0.85714624001822
   0.01295188819883
   0.92177980713417
   2.49214779494501
   0.05696994393010
   0.00779939930270
   1.29889704949060
   0.01441950684629
   0.78564195603782
   2.97401108912246
   0.06519155665779
   0.01201245508281
   1.82421362166874
   0.00056914581645
   0.90667398329811
   2.84586515793764
   0.03963745717601
   0.01536559822516
   1.99325108189397
   0.00876503100999
   0.83866469207216
   2.86450100832699
   0.05833136022901
   0.00218113720010
   1.62744996200993
   0.00459575442487
   0.49586592815624
   2.70324766689477
   0.05341892355176
   0.00933440669446
   1.26177333489268
   0.00678197566261
   0.81213613407578
   2.94946245743271
   0.05078904056933
   0.01232723481970
   1.35663545686065
   0.01785800323125
   0.63281665195612
   3.43163609153987
   0.03860045567813
   0.00505104718141
   1.74100759819459
   0.01948205737085
   1.09635167982545
   2.30743666438063
   0.07010243891998
   0.01710155867485
   1.93719915563384
   0.00421785283816
   0.97603467748369
   2.15097511913735
   0.04556403940882
   0.00265605349343
   1.82480979822163
   0.00833191476333
   0.72382844099000
   2.59536066736214
   0.05990745268114
   0.00899750719055
   1.74377509820472
   0.01294313758091
   0.59112716320168
   2.79597414157741
   0.06227187509656
   0.01145680307484
   1.69835179572099
   0.01507455883786
   1.09918427782705
   3.35293169626243
   0.05217012708968
   0.01395826911905
  -0.07633608691529
   0.01079629556713
   0.55300329314005
   3.62361314218607
   0.03816100060254
   0.01201370525832
   1.93312662739304
   0.00401269490436
   0.66797475536264
   3.30438794075296
   0.05958538157684
   0.01419461761434
   0.87160728084984
   0.00499169677310
   0.44213090723683
   3.89389240785835
   0.04336148879614
   0.01463938179316
   0.92993548425434
   0.01293681687370
   0.98024628115248
   2.78333698585301
   0.05255758857276
   0.00740024443848
   1.12524354365795
   0.01217366942700
   0.96685167790870
   1.89985879281727
   0.05969026013541
   0.00738333600878
   2.04862340720225
   0.00780410525615
   0.92673424782546
   3.62284094655924
   0.05939196524068
   0.00922815796429
   1.92302465422451
  -0.00305705231574
   0.82342051763372
   2.78038664535129
   0.04653482466676
   0.00754356181842
   1.50894805256754
   0.00604548048477
   1.20537253418035
   3.73911722074474
   0.04987849291235
   0.01385682337747
   1.94568967551154
   0.01183096778675
   0.21395947870723
   3.78756981964627
   0.05463895454056
   0.01446213985676
   1.52726038846140
   0.00832721104752
   1.20724951488905
   1.68372467343099
   0.04377738974537
   0.00489717084204
   1.50508827954854
   0.00551896708394
   0.99841333205915
   2.84230220891830
   0.05664850280571
   0.01141417254711
   1.33914635403289
   0.00818583454560
   0.63272632571958
   3.55247124923165
   0.04462389682321
   0.00831515167883
   1.60446031955197
   0.00273126908389
   0.87151259085186
   2.44556746154804
   0.06277752852895
   0.00553280309437
   2.84214695263031
   0.01139087720239
   0.84814612112371
   3.04875487165819
   0.05655840012091
   0.01038714335096
   0.56361549399860
   0.00624998526762
   1.02426697686267
   3.72276048378337
   0.04872315946651
   0.00353542559155
   1.47426528349257
   0.01144523415866
   0.69886909676146
   3.63791711578510
   0.04086639004858
   0.00058720617798
   1.14194852913892
   0.01330420753400
   1.39526685568944
   3.04431759334438
   0.05858989337550
   0.01155232159972
   1.95525404558518
   0.01700995528855
   0.75092396969641
   2.49768592688845
   0.05154227177031
   0.00400517184034
   1.83289484492661
   0.00930214943135
   0.86000072405817
   3.15256270589516
   0.05353212217242
   0.02488892844161
   1.48742061425167
   0.00841017155342
   0.62260778463530
   3.38722811356424
   0.05833273398939
   0.00484257379954
   1.42117611896369
   0.01312057828254
   0.50166614373865
   2.90730288811454
   0.06820737378162
   0.01379400466412
   1.06273525061497
   0.01637476118561
   0.69405822884430
   2.26534832009207
   0.05612390506962
   0.01709368861697
   1.38385126551850
   0.01185737843965
   0.74840693779017
   3.67513160232973
   0.03087600041439
   0.01135255378420
   1.15059724927689
   0.00147371690287
   0.63754411987779
   2.74808920457489
   0.03636809994500
   0.00545771015323
   2.01278369796596
   0.00396117363689
   0.83510805464269
   2.27931690137240
   0.06081459698021
   0.01896675985825
   2.02142994632645
   0.00484013431248
   0.92093686151966
   3.74900058877475
   0.05759763813621
   0.01312914039143
   1.39944430903160
   0.00662047567570
   0.82372420376105
   3.00382886629407
   0.04113754829102
   0.00847631694121
   0.99548036658345
   0.02064250905793
   1.17600517244459
   2.71258502583369
   0.03857845094224
   0.00332351953686
   1.25730935154687
   0.00246272576188
   0.63277287244828
   2.92167137079000
   0.03722699887390
   0.01055190344121
   1.44066379289709
   0.00856628309705
   1.11636444134402
   2.62267702475013
   0.04628574253071
   0.00705011076894
   1.00168619199904
   0.01725936019527
   1.03478254421132
   2.87546892273230
   0.04528754794126
   0.01484111748979
   1.41403282360079
   0.01249569857680
   0.31193894480629
   2.79240669193136
   0.04409720920565
   0.00990373990165
   1.42985541914427
   0.00211598936392
   0.45083130893130
   3.03813499264221
   0.05721705270211
   0.01140114766329
   2.08250376032217
   0.00819473978084
   0.76550874651831
   2.94855973002653
   0.02808588901057
   0.00805451198591
   1.45098437109490
   0.01371058847465
   0.63439328685597
   2.88244615543750
   0.04751443678775
   0.00547804279148
   1.42530928004302
   0.00433028069974
   1.08747838329307
   2.56933670297821
   0.06817949010065
   0.00318809691021
   1.59656409921692
   0.00713045930861
   1.06277811687958
   2.55468319046177
   0.05220724930049
   0.01091436687053
   1.11593729566021
   0.01113913488119
   0.60109211970064
   2.59297095989098
   0.04472506043337
   0.01515141627121
   1.01742067577171
   0.01384263801475
   0.65040474223449
   3.05718639237377
   0.06211569728243
   0.01149384460930
   1.24187739155902
   0.00954178410039
   0.68592967465615
   2.29429110410796
   0.06004972523082
   0.01593429930336
   1.50713894868287
   0.01140917358814
   1.14698226537804
   2.55442396348247
   0.03575840026880
   0.01524148041773
   1.57087582001455
   0.01562262227591
   0.66371137818505
   3.15404443181921
   0.04718667801640
   0.00573579644509
   0.34987656822491
   0.01372430634974
   0.81742462344948
   2.66543799071908
   0.06324442564146
   0.00785246006087
   1.52946986046002
   0.00099822336698
   1.00120898603222
   2.60504243858479
   0.03941204041522
   0.00050536911870
   1.66782500479927
   0.00919126690309
   1.00823294616486
   3.48570755996312
   0.05929470508179
  -0.00024676452893
   0.41926611730442
   0.00568187194955
   0.51162890045600
   2.96620265811076
   0.05170343348240
   0.00569415306574
   1.63374242048025
   0.00373561453380
   0.64803251668307
   2.85211308520089
   0.04310070721057
   0.00486555038105
   1.92544907221696
   0.02240247242155
   0.84106594051330
   3.01381045705815
   0.05407806700592
   0.00906246245414
   1.79851499205047
   0.01307271883310
   0.54647407594197
   3.35275092618799
   0.05669181913661
   0.01570603436240
   1.75781021588158
  -0.00106183407208
   0.58790407785798
   2.90462483437461
   0.05916435628652
   0.01686267597231
   1.74370877680920
   0.01031821721578
   0.74131577004865
   3.24237481926923
   0.04780189019060
   0.01090287575136
   0.37503347054481
   0.00424255714182
   0.77851733607699
   2.74949673361057
   0.04100115514944
   0.01357294243621
   1.67712478320424
   0.00878123408791
   1.08821438258332
   3.60714804970207
   0.05367704792736
   0.01503815466405
   1.95916184542649
   0.00109514367583
   0.95182499050316
   3.40889993986147
   0.04440169561073
   0.02046121372211
   1.17146710319799
   0.00896034979519
   0.58750558060522
   3.35537873092915
   0.04105090255355
   0.00761512949231
   0.77078289114369
   0.00710598447369
   0.34641396892223
   3.14750614500135
   0.06550762443692
   0.01387414228644
   1.44761968337637
   0.00552672691429
   0.68724579356148
   3.45959575906967
   0.03291748691230
   0.00372502232935
   2.12789369711620
   0.00740748501995
   0.64309311989246
   3.34401404365746
   0.05660785695131
   0.01255647089715
   2.37105102283249
   0.00511606493536
   1.05719163510344
   2.67558311199492
   0.05487866715975
   0.01869486456870
   0.64656949216313
   0.00681835896988
   0.46713167679185
   2.72825441267162
   0.05525806447982
   0.01070925607566
   0.99800257065723
   0.01395245623294
   0.66485997423413
   3.35480933995398
   0.04620970733948
   0.00986562683621
   1.66190766164981
   0.00365900023150
   0.73645506087419
   2.48642357272246
   0.05266385233722
   0.01621756090708
   1.46713834114549
  -0.00064418591166
   0.96719035839907
   3.28393351048084
   0.05595791142050
   0.01211303971725
   1.30797836299264
   0.01183687903874
   0.90824791466049
   2.64324397595175
   0.06149870676179
   0.00607466214313
   1.59273018146918
   0.01139065920071
   0.37864035326684
   4.00281296533524
   0.05651217528629
   0.00928730722209
   0.98557568879626
   0.01005900212143
   0.71255461924113
   3.81073787585442
   0.05102090297326
   0.01062718138657
   1.74777972571148
   0.01372824241223
   0.85234917020548
   3.51984671870816
   0.05056379021147
   0.01944717803074
   1.82949695329927
   0.00900275437377
   0.97168471790397
   2.57988317541712
   0.04955040662883
   0.00171040021999
   1.85517369570310
   0.01586762297861
   0.91135788915907
   3.31257902209886
   0.06707447399644
   0.00595961241640
   1.77574304500645
   0.00437088512350
   0.68034511684645
   3.53044169760997
   0.05477600382822
   0.00289400733610
   1.67219003553611
   0.01119764580041
   0.85774267438130
   2.83222527165495
   0.04859006798900
   0.01673509045501
   1.30973573281514
   0.01444427982152
   0.76061636735278
   2.64548307663774
   0.06054120078430
   0.01263341317167
   1.76778798121540
   0.01508689940143
   0.62925818972465
   3.31473007391182
   0.05594162048505
   0.00601882503476
   1.55740471989448
   0.00766746007193
   0.49723086096437
   2.95814188441809
   0.05154403352147
   0.01268765970597
   0.82697366152668
   0.01209624683344
   1.03631236102574
   2.76202294987716
   0.05712918747391
   0.00949200180970
   1.72343258447171
   0.01503959973271
   0.26141647247619
   3.02400102690242
   0.03213933191596
   0.01553229901727
   1.81357019989098
   0.00614950476912
   0.29179065420041
   2.65648280653187
   0.03456048833403
   0.00557178288701
   1.75846532312294
   0.00713394935662
   0.48399103522451
   2.52074306600221
   0.03993000576998
   0.01120199360292
   1.08702967797918
   0.01360518369178
   0.86685377752610
   2.74564489145102
   0.04286367393654
   0.00904676471682
   0.79295613543835
   0.00777730518589
   0.76057056989987
   2.53479194456011
   0.05575095774768
   0.01559002627214
   1.51259086102821
   0.01202611546108
   0.39100174805902
   3.13060809100855
   0.04089316219508
   0.00101158296923
   1.07964287828800
   0.01220009225116
   0.75053458970958
   3.53968682106051
   0.03400827619783
   0.00503483508744
   1.63827245796705
   0.00515711452354
   0.84210087179507
   3.53318210222001
   0.05148344784006
   0.00319209074557
   1.18882308445459
   0.01041363973481
   0.49237978639369
   4.01259160022856
   0.05971048376238
   0.00181175480899
   1.90481621548584
   0.00718776006945
   0.77946612140546
   2.83834157864638
   0.05341949868830
   0.00974553309211
   2.23819037539635
   0.00735937184834
   0.99307722501410
   3.04612614510707
   0.03700981889224
   0.01515520626325
   0.86326692265050
   0.00949200364536
   0.76122556496735
   2.35675646963165
   0.04462558052101
   0.00380971848369
   1.80951418161907
   0.01255889095653
   1.05773900089743
   3.40171836658576
   0.03451076871991
   0.01456563080578
   1.72021023988530
   0.00231384165970
   1.00386599137554
   3.36581249477477
   0.05510453594243
   0.00725770255717
   1.37307611559672
   0.00672419305374
   0.46460002654922
   2.26745960116674
   0.03576020841920
   0.01815602993499
   1.17099935506529
   0.01207360477528
   0.66555258802599
   2.92879134125946
   0.06821298556659
   0.00953446533585
   1.68442420487789
   0.00788405706423
   0.84901091041840
   2.28330923140427
   0.04508281339420
   0.00887468352417
   1.69579119339012
   0.00792454988270
   0.22927314339722
   2.87124171686738
   0.06130066363776
   0.00435091896168
   1.72361236535298
   0.00916199695694
   0.88068994579213
   3.40006072528622
   0.04441063555137
   0.00587757973283
   1.59502430278997
   0.01173752882908
   0.97562462328392
   2.87836210284314
   0.06027556530071
   0.01853740798624
   1.01819919559872
   0.00904539091173
   0.47743796167397
   3.07306234334149
   0.04421247570813
   0.01287697288450
   0.99628240911153
   0.01678699947201
   0.39689499923038
   3.00765676687788
   0.03420805847324
   0.00724202633078
   0.86831414276108
   0.01437357205592
   0.70554714644824
   3.70322504505622
   0.04166312226384
   0.00362943910170
   1.27870292889646
   0.00066439352318
   0.42050416489053
   3.97801216598926
   0.06227699061441
   0.00989095964513
   1.60807989070190
   0.01054674437452
   0.47836182994861
   4.06619823073520
   0.05323440676463
   0.00168127517677
   0.94497080399121
   0.00695294590490
   0.70758600636236
   2.44167782112235
   0.05217681967641
   0.00881688317647
   1.00765485945012
   0.00875075148265
   0.55627742225433
   3.28544703196144
   0.03870033359615
   0.00048506104909
   1.24293003061207
   0.00473165625060
   0.65416838573035
   2.60720183565011
   0.05142933199030
   0.01355519857202
   1.09266558251428
   0.00823747560795
   0.85984792672262
   3.60020831456340
   0.05500022999688
   0.01865067686526
   0.80435732215752
   0.00899857828390
   0.40216960472362
   2.01259901775990
   0.03772020026603
   0.01297353883042
   1.90361821350368
   0.01532421408923
   0.31120441886704
   3.76638789286498
   0.05507998302846
   0.01391388903935
   0.91340447255913
  -0.00022788714383
   0.83735501031429
   3.93009424127608
   0.04420975609539
   0.01591819186930
   2.45022388482876
   0.00880678294331
   0.76059960732766
   2.91977567554304
   0.05659843663932
   0.00279578567975
   3.22496418281631
   0.00388911243980
   0.63589099559583
   2.71604287037891
   0.06090147719267
   0.00523683821147
   2.02666484412908
   0.00573675514744
   1.17267471921055
   3.41586175113228
   0.05453923189787
   0.01762872573184
   1.00692049015509
   0.01023130693419
   0.62920514168903
   2.69747997723057
   0.06136019986595
   0.01478114989080
   1.98689523815149
   0.01535953299920
   0.63918032063615
   3.31587657674512
   0.05494896709976
   0.00783876779913
   2.16798032023700
   0.01164096561022
   0.93206247806402
   3.16168392118233
   0.05335262970589
   0.01028402099633
   1.41003870255944
   0.01224922012547
   0.66176945106149
   2.89844680750510
   0.03222736411908
   0.01283721832393
   0.41596202424372
   0.00227889988023
   0.97882699389715
   3.46929394607185
   0.05147609500714
   0.00955700100926
   1.19818650911590
   0.00542121956517
   0.45413257164189
   2.37834415586613
   0.05208163987455
   0.00939577121237
   1.97171331273303
   0.01367568998552
   0.84143053791374
   2.99712614610210
   0.03998500715061
   0.00872162445178
   1.68023084773536
   0.00893879929876
   0.66229632121667
   2.81455038474808
   0.04415913423956
   0.00674782381055
   0.77853077918278
   0.00649863610494
   0.62197300588224
   3.32250260903907
   0.05084314190657
   0.00670273958330
   1.60253837034201
   0.01345708003469
   0.50849281999605
   2.83010420243353
   0.04993688338699
   0.00996809062550
   0.98751526789114
   0.01156768872145
   0.66369613889865
   2.91570567575948
   0.04602810269666
   0.01711158189850
   1.57129434212887
   0.00768176036182
   1.10431248918591
   2.45918166680040
   0.04855345770228
   0.01701173915711
   2.08139514848633
   0.02405241532571
   0.64542853734849
   3.03234804607544
   0.05347488738549
   0.01608640770560
   2.76167892362071
   0.00848239756065
   0.97292725038945
   2.82065439730412
   0.04025243355698
   0.00062068799353
   1.57505064849801
   0.00914760195883
   0.82826882997170
   3.67674727297858
   0.02731913103949
   0.01183040995867
   0.75963056357106
   0.00381412724721
   0.78412657134170
   2.63742228517088
   0.04921698673402
   0.01253265038328
   0.94195791028614
   0.01603998450618
   0.50823340630211
   3.43465616384915
   0.03662793187515
   0.00844733600330
   2.12912845288889
   0.01333905687803
   0.80698955909763
   2.85912923230604
   0.04288053081050
   0.00922523331325
   1.99245654077061
   0.00380240782110
   1.01808824711778
   3.50864848359167
   0.05742166632039
   0.01434977095806
   0.89690341405112
   0.00926766379202
   0.78383420159742
   3.65051225765830
   0.03906410611514
   0.01435933719164
   1.21022648749353
   0.00838041470070
   0.63782115683023
   2.93574425182210
   0.04953543013087
   0.00626711094376
   2.51069698620485
   0.00658167485279
   0.83749512862187
   2.13492687689018
   0.05782975849050
   0.02264205035145
   1.33544416000921
   0.01650551593821
   0.71691471311897
   2.82516064913481
   0.03531802651782
   0.00841714976838
   0.80502780924273
   0.01024285721464
   1.09713178307257
   3.44381959309227
   0.04502340143783
   0.00568402070649
   1.00410803817305
   0.00889390608764
   0.33148266377691
   2.40616268056275
   0.05317597135805
   0.01182413688385
   1.49226238405831
   0.00726282931941
   0.98533408473258
   2.45700290870281
   0.04408072986037
   0.01538940362691
   1.82009851522713
   0.01456928485040
   0.35066638791137
   2.46827199840499
   0.06223019249854
   0.00466455965860
   1.45711818875709
   0.01192615095129
   1.10209907526136
   3.37082053084038
   0.03558235214782
   0.00319636819169
   1.10180903255717
   0.00882546653300
   0.87012614623097
   2.94330416987237
   0.06281676720254
   0.01149321108593
   1.53064409952918
   0.01245614988963
   0.70720855376865
   3.60684192434436
   0.05211168652481
   0.01201240706954
   2.51063565124760
   0.01277028162593
   0.82783408238424
   2.95311584828391
   0.04066094803715
   0.01592412687529
   2.00344986829574
   0.01843064573693
   0.24916959669037
   2.52478037559445
   0.07236685606044
   0.01664669207283
   1.74977380225732
   0.01435358341168
   0.81400655272107
   2.75969160554066
   0.05823382002646
   0.00852359988114
   1.73086928991895
   0.00675039351395
   0.73660872952503
   2.86906154053005
   0.02958717954373
  -0.00227933634679
   1.41636616999091
   0.01245629190114
   0.89490411317953
   3.84056464908419
   0.05769213578617
   0.01312426888057
   2.78808279005079
   0.01208043434628
   0.64210230697751
   4.28389223445385
   0.05813824427292
   0.01274685939456
   1.96643152498180
   0.00755105462057
   0.90125299163617
   2.92216792880985
   0.04622427820693
   0.00591004450459
   1.53343677875353
   0.01282958466420
   0.68815744517529
   2.16364385331774
   0.06137698100035
   0.00951614118266
   1.60749047464757
   0.00501732210486
   0.26063051758762
   3.08552523833667
   0.06443007785247
   0.00816337207040
   1.31601016918486
   0.00332057113023
   0.81369079210595
   3.71754881073443
   0.06798740113292
   0.00213616484863
   1.37275766051113
   0.00695083508474
   0.73378949561127
   2.50758087274187
   0.03928294362773
   0.00639309515669
   1.72887257523216
   0.00629208671122
   1.02208287762693
   2.93568775272103
   0.06029076001117
   0.02102239168001
   2.01921827528623
   0.01402876940675
   0.98610631019744
   3.27586650725730
   0.06512338430795
   0.00828884786875
   0.86982579985484
   0.01846866840340
   0.48420112062696
   3.25568371208489
   0.05193398766157
   0.01007002812512
   1.20209424052881
   0.01864219251215
   0.24549720123360
   3.56195655486883
   0.06199764046432
   0.00301490280030
   1.93194707049526
   0.00604121295064
   0.69919945486160
   3.57437125066788
   0.04737046510535
   0.00932133756140
   0.85182550888753
   0.01344409994100
   0.56838245977247
   2.69283902128647
   0.03671765928721
   0.01365895787459
   1.42695738131215
   0.01376602696278
   0.52927549019652
   2.72866166006611
   0.03920176627876
   0.01397178380672
   1.33336361817373
   0.00636777252003
   0.94736349254891
   3.03779223903757
   0.04482725741097
   0.01795161295809
   0.71203961987297
   0.01394739002763
   0.66254700892117
   2.58749534877711
   0.03655813628578
   0.00437396475617
   2.62974134370347
   0.00547920989810
   0.92401096131435
   3.02361636181945
   0.03431839792333
   0.00908557187582
   1.15622222296859
   0.00661066635720
   0.23774599320097
   3.30870347460882
   0.05455210076433
   0.00962883450289
   1.82663773867065
   0.00405860948913
   0.65673605186028
   2.14205912096842
   0.05691151212120
   0.01835913157542
   1.58326513869163
   0.00822345943773
   0.61673406645973
   3.60453240750173
   0.04848443284146
   0.00892005414478
   2.24373607188315
   0.01497063420769
   0.94019222633986
   3.13499281495485
   0.04577181875544
   0.01007534050386
   1.28495033368618
   0.02067314159870
   0.36910768684442
   2.68534668043232
   0.04821951990131
   0.01082134272350
   1.53387965642255
   0.01776547430077
   0.82275115171881
   2.80904694896200
   0.05452057509961
   0.00732746736677
   1.41745416845740
   0.00260055624272
   0.76201597798247
   2.98936554857515
   0.05577622128464
   0.01857960526451
   0.76286539907396
   0.01092067256440
  -0.04355978441459
   3.24089143777142
   0.05392942454281
   0.01110262502949
   1.77629505955441
  -0.00173574968168
   0.17348880220333
   3.17982945120961
   0.03280258818601
   0.00732373687525
   1.08637633229318
   0.00374149651996
   0.31819652828625
   2.83928845105222
   0.05461995631056
   0.00954720977897
   2.00202828264027
   0.00326677773039
   0.80931133236374
   2.63613466536444
   0.02186504954905
   0.01495782586955
   1.66610849025182
   0.01306881627480
   1.02663799958853
   2.48759449542249
   0.05041034619148
   0.00969676292177
   1.23069113360722
   0.00737689687214
   0.57644953780703
   2.83345257778999
   0.04595778367235
   0.00905643438222
   1.91467940653687
   0.00765178229985
   0.93358886324496
   1.93817811914988
   0.05234256207381
   0.01360953834021
   1.71482459943268
   0.01301392310173
   0.62696351254301
   3.06809701446493
   0.04932584771021
   0.01066632014219
   1.03212206003550
   0.00122284777887
   0.87357634448938
   3.86747484081635
   0.05652783872848
   0.01523948123256
   0.74977587870655
   0.00977267438378
   0.76607241869870
   3.09991241061725
   0.05111436495323
   0.00946625356231
   2.00018287838735
   0.00875908597864
   1.06855270889528
   2.91696226583796
   0.06083581435727
   0.00449994420074
   1.66500643363966
   0.00612932412417
   1.16311288127302
   2.71732432255553
   0.03600864081637
   0.01427476652515
   1.43407226268546
   0.01381987908648
   0.60366381338685
   2.81379864112369
   0.06659143904120
   0.00934070770577
   1.40495593075815
   0.00958197005931
   0.57971518488860
   3.32750702419344
   0.03428983897819
   0.00523102631619
   2.11636881818759
   0.01849883510932
   0.47469388454958
   2.19536317812931
   0.05221681022625
   0.00496829484088
   0.84461190249433
   0.01461211586181
   0.45012200246191
   2.46152763288457
   0.04309912329569
   0.00759107024901
   0.72999379629963
   0.01795114231632
   0.62678713811583
   3.69493286408099
   0.05383757782236
   0.01748977583377
   1.38755473287079
   0.00818427009376
   0.54733250336367
   3.32735173175030
   0.05252059466061
   0.00873697944407
   1.15463553518389
   0.01340433734154
   0.50910322465482
   3.73029389024649
   0.06293921474806
   0.00377774679442
   0.69660105993390
   0.01180165625067
   0.34890435187213
   4.03721493815980
   0.05644768180656
   0.00704821996215
   1.51290483921880
   0.01039431282509
   0.82952253114279
   2.75623691656413
   0.05878947661529
   0.00728244742695
   0.73339460246868
   0.00901158650072
   0.93894774828617
   2.29550711773006
   0.04304374132010
   0.01470680247226
   1.61053344782357
   0.01622312546485
   1.38212312535388
   2.53496202258483
   0.04727862720748
   0.00190344591544
   1.26371136035608
   0.01096609467740
   1.05417255281560
   2.66262862716588
   0.04789447670120
   0.00573404846434
   1.93667651999688
   0.01075641564471
   1.13323557789748
   2.40564200146895
   0.04787532947521
   0.00750810127525
   2.36134267399142
   0.01250016266296
   0.50170338783059
   3.21175366925764
   0.04019280139767
   0.01049876848165
   1.41337324109333
   0.00843229356732
   0.46820642366921
   3.12824243303223
   0.04146513042975
   0.01031657540593
   1.44225053624969
   0.00771052631863
   0.34762466069026
   3.10842323794639
   0.06100174258293
   0.00461965780549
   0.58770210987183
   0.01056032975729
   0.46213945332505
   3.39611243758381
   0.03885958672032
   0.01062265005779
   1.59814050081494
   0.01918362277244
   0.04545560710836
   4.28682950007220
   0.03642619128422
   0.00179873178588
   1.80589864532963
   0.00583496801137
   0.33336760187620
   1.95535623455848
   0.04569849778659
   0.00641475998780
   1.45626836901954
   0.00533744602813
   0.69750356772907
   3.69402778065212
   0.05754922079798
   0.00574274536059
   1.87521766822529
   0.01230443864288
   0.96864335847867
   2.90250854170657
   0.04401975438804
   0.00753017323531
   1.48521818091924
  -0.00215528674999
   0.54727734063209
   2.94781615448628
   0.04743446202874
   0.00940574479349
   1.71194816162509
   0.00432090006586
   0.87556115374400
   1.88356839622646
   0.05303115163049
   0.01274112383805
   2.38416244426364
   0.01642766403583
   0.81113975955819
   3.14560635320681
   0.06189907711072
   0.00832653107017
   1.27457274958727
   0.00754572272243
   0.57727116446138
   2.83515061584521
   0.05450849492761
   0.01922564692312
   1.90608824862143
   0.01348466799389
   0.70830564239390
   3.34852209010622
   0.04048637103947
   0.01182410590185
   2.58906447585560
   0.01465359786896
   0.98766824473210
   2.96815742672251
   0.05215944938903
   0.00454170301746
   2.02738238747088
   0.00930884624547
   1.00680044224472
   3.32544685725972
   0.06248002593841
   0.01619773595178
   1.70418942397200
   0.01318435329159
   0.72815011309543
   3.01256536651345
   0.03626559502193
   0.01301004068031
   1.80978343659589
   0.00063520406272
   0.68558882726050
   2.86830308412055
   0.06421615878663
   0.00016709654928
   1.89647425485558
   0.00679095028379
   0.63785225412464
   2.64213769330742
   0.04826538650321
  -0.00084621699721
   1.08099097592753
   0.01136336723724
   0.88409742158664
   3.60695324633837
   0.03677460650634
   0.01434404069635
   2.13597415293674
   0.00898028035299
   0.82032597208427
   3.50912223776671
   0.03953926685470
   0.00295951779778
   1.55125826817730
   0.00892037682333
   0.35303600762647
   2.88307118045121
   0.05746001770900
   0.00719742226636
   1.64250705908919
   0.01547969838293
   0.73976849979439
   3.45284276516775
   0.04924028074389
   0.00334016267655
   1.18760290796695
   0.01807479042456
   0.76956515535833
   2.44033358730854
   0.04595771335978
   0.01119724644756
   1.66691557490938
   0.00713149125542
   0.98769565701723
   3.81460930447086
   0.05425175784477
   0.01771026408887
   1.57208999330430
   0.01522211869435
   0.81957288729503
   2.52572031340335
   0.05499030351655
   0.00787482879386
   2.29515684243490
   0.01351761032032
   0.99885651773180
   2.56850015156020
   0.05118121197905
   0.00696351666127
   0.87032931395903
   0.00713101959948
   0.85388961670615
   3.08954067797947
   0.05258880830817
   0.00725223536887
   0.26277679922495
   0.02017533813004
   1.08281067017348
   2.35168870789136
   0.05406141339356
   0.00377073554905
   1.17635902932498
   0.01516881880423
   0.55457653209012
   2.05439959471288
   0.05221054505611
   0.00719054395466
   1.55730700080682
   0.01332459584998
   0.65320785701397
   4.09094827718515
   0.05575544665484
   0.00903963487319
   1.80888175596898
   0.00660909322044
   1.07153855335668
   2.36550389509649
   0.05631148071828
   0.00637831122875
   3.08120169563242
   0.00597473771001
   0.68857408567629
   3.07752367860162
   0.05556063370340
   0.01202587316586
   1.99387781719379
   0.01466882302697
   0.66096539952860
   2.87352407647871
   0.03710177484698
   0.00998814521667
   1.11854578654960
   0.00762144080564
   0.77124848603326
   2.02694151908540
   0.03984372099910
   0.00527254074632
   0.95010609111592
   0.00640218107057
   0.80544528606639
   2.98823655344017
   0.04633907227780
   0.01308553702264
   2.06116409027829
   0.00799377098702
   0.55812164508619
   2.88954278808284
   0.04232658531143
   0.01399997371669
   2.10610605912495
   0.00699471976793
   0.75191333157444
   2.21545428476885
   0.04923991067341
   0.00546039040868
   2.30699861334596
   0.00325162722607
   0.25930113353744
   2.93989966693180
   0.03531443439855
   0.00792171607663
   2.77225853676275
   0.01248505508069
   1.16264732687542
   2.86274498438679
   0.06106080411380
   0.00696753395602
   1.22215427830673
   0.00219311774646
   0.56200089451185
   3.57624880604809
   0.04044753402530
   0.01467265151603
   1.79621946012361
   0.01108202028504
   0.60097528200994
   3.04061232925442
   0.03468580562702
   0.00561408410628
   1.33147073870471
   0.01926781719070
   0.43423230930005
   3.00849109685434
   0.05328089226613
  -0.00110672482924
   2.26791533803825
   0.00852496990297
   0.88216055395931
   3.02356402963989
   0.05596179819366
   0.01224608587235
   2.03637892132638
   0.00616145301035
   0.95063227235861
   2.84407588885353
   0.06514096389835
   0.01257197436751
   1.64069891735137
   0.01215412947138
   0.97668784084037
   2.39533615998544
   0.05985469184324
   0.01269603701275
   1.83966284408391
   0.00832520994719
   1.03273092674587
   2.88825897372612
   0.04301202110731
   0.01918553958852
   2.11785138635392
   0.01075318386779
   0.77979677014648
   2.82287352711703
   0.05397325066316
   0.00569349844081
   2.37659540441939
   0.00066800846160
   1.04783121890625
   2.39293022420191
   0.05677955529196
   0.01381982260485
   1.29854082871467
   0.01188579093489
   0.85666184363402
   3.28608266226979
   0.05540266242160
   0.00918011418192
   1.69399594810858
   0.00763007106188
   1.06096645452636
   2.41300602712904
   0.05497377136907
   0.01130623274670
   0.57365494208928
   0.00955620837779
   1.04580571712622
   3.08163495918276
   0.05181972855560
   0.00682291152037
   1.37561782861828
   0.01142087545903
   0.74223866013909
   2.97654503265830
   0.05544337322120
   0.00610064526552
   2.29253074752183
   0.00907742527529
   0.93642805500241
   2.40268188667845
   0.05953651618839
   0.00084867261485
   1.05205424161916
   0.00341650565828
   0.50425843871467
   3.02561672619118
   0.05761194251060
   0.01313459731620
   0.51480107784114
   0.00791821695363
   0.76804183896871
   2.93328360162332
   0.03691523187526
   0.00429640981294
   1.31348857190748
   0.01958257772766
   0.83401581071924
   2.94829442478693
   0.06182395966824
   0.00869495736385
   2.01073917800224
   0.00539780707449
   0.64284516880637
   2.13955643678946
   0.05676640651534
   0.01283193662526
   0.12545100236726
   0.00245855063641
   0.69712881383313
   3.86345688178601
   0.04350810488816
   0.01195909895389
   0.58721542221574
   0.01930709093886
   0.49489799770321
   2.64320546365234
   0.05331129873413
   0.01265458820599
   1.77530674155837
   0.00726889389910
   1.15679467145620
   2.31820625714019
   0.06595075776191
   0.00568394785920
   2.08073658794575
   0.01171972381211
   0.97384530293922
   2.45868507308997
   0.05328129612619
   0.00670455025458
   1.69569439593500
   0.00643750378172
   0.16204894002078
   2.48038159154508
   0.05502411975295
   0.01234156123567
   2.07853077396029
   0.00572812255130
   0.54440934446537
   3.57005751970663
   0.05359429387960
   0.00933688787916
   1.74654464695610
   0.01420742376237
   0.56363952777962
   2.95482656463280
   0.03301699741558
   0.00672903613378
   1.64334256533188
   0.01252236663575
   0.55715956041419
   3.25294673219079
   0.04570072775392
   0.00549618381990
   2.12518873117913
   0.00227056380473
   1.31338537034587
   2.89303357666385
   0.03485349384652
   0.00383668915277
   2.07773466784919
   0.00360382688812
   0.46305732786111
   3.11192072081472
   0.06144128730971
   0.00783862736760
   1.51872295853485
   0.01741207739519
   0.74261027248699
   3.21727615790580
   0.04459008662255
   0.01659706608081
   2.00331112157678
   0.01791664021974
   0.77857861667397
   2.68984497883435
   0.05763924190167
  -0.00265217908010
   1.41538888801810
   0.01072537681275
   0.95446825376684
   3.79634326218280
   0.05499756414877
   0.00639231071403
   0.92395791009439
   0.01727650211138
   0.98583892432655
   3.96419191967402
   0.03785821816699
   0.00993142184387
   0.76292821857814
   0.00366472628574
   0.58875276773407
   3.11974630187375
   0.06118773590835
   0.00720537060425
   1.50632127762743
   0.00613558299347
   0.91534044882855
   2.75145516052001
   0.04546120395913
   0.01301696923233
   1.55591398236165
   0.01705507844243
   1.03527949752817
   2.07126505690755
   0.06574744620142
   0.01165530431508
   1.79329196463623
   0.01621738374337
   0.40743488957372
   3.05089742040094
   0.05312183567835
   0.01523920339327
   1.17078876112182
   0.01547937493321
   1.35737862360151
   2.73302764824297
   0.02839327403617
   0.00743686372405
   0.79122701889434
   0.01080675022682
   0.66138215101393
   2.41974514134160
   0.03311017600013
   0.00179188260017
   1.84541496816806
   0.00612884338583
   0.88292389764355
   3.35872542031117
   0.04390206047113
   0.01660703858600
   1.62331498826302
   0.00928287188940
   0.65837651140749
   3.63141825044071
   0.05287656026222
   0.00492585475576
   1.38404765856827
   0.00343415401568
   0.85313399401384
   3.60223502585671
   0.06069081932705
   0.00429338061339
   2.18184516436139
   0.01417902700723
   0.90996146567128
   1.87972717364230
   0.06945462320710
   0.00836438915772
   1.51624476006248
   0.01592951803219
   0.77424902924801
   2.65410372040816
   0.05561494652567
   0.01104729344343
   0.91584082408729
   0.00262605358731
   0.93379424798622
   2.82563465376840
   0.04758554821282
   0.01245102633050
   1.71005325981329
   0.01120486998578
   1.10036712325197
   3.36153302331959
   0.04573357909337
   0.00959195997609
   1.43663537334275
   0.00418015540532
   0.64906850897260
   2.73567519928066
   0.05837502770072
   0.00054397961383
   0.98392990251227
   0.00163608213833
   0.56494101168777
   2.65449881756015
   0.04792631042305
   0.01193172668024
   2.03185536902229
   0.01116632572744
   0.36524485008852
   4.51316781751314
   0.05121005552770
  -0.00089567339881
   1.10278162004709
   0.00987340764536
   0.83854370254422
   3.97825952317486
   0.03059953544577
   0.00822233739414
   2.31131140361713
   0.01198767186839
   0.42929974079393
   3.13398224831757
   0.04786710527436
   0.00154801853326
   2.00112108422218
   0.00750827801853
   1.12686073414091
   3.02193482729611
   0.05950670888897
   0.01014437625245
   1.30386001717651
   0.00776648072112
   0.82456223726247
   2.35837029373972
   0.04928759315147
   0.00527080896864
   1.25103842968116
   0.01692575195758
   0.83451101491349
   2.63132599322763
   0.03124320567927
   0.01887587138601
   2.00571248469095
   0.01226542771998
   1.01930928095949
   3.32947273838013
   0.03788475323900
   0.00368148392371
   1.56024399987108
   0.01475348552891
   1.00920632088174
   2.54668544613220
   0.05384042347118
   0.01763918275523
   1.04592179038105
   0.00582340334759
   0.59476880962901
   3.05884304235522
   0.05942744014503
   0.00985970775630
   1.71519977573487
   0.01821326289126
   0.27364037346025
   3.43835137275967
   0.05819496688648
   0.01079413282960
   0.70552904439493
   0.00364455694331
   0.70163960429165
   3.40414672761229
   0.04296367447376
   0.00748074297561
   2.69285622214505
   0.01551307053755
   0.78619660719890
   2.91744970295527
   0.03578543287663
   0.00030809183123
   1.88989751128932
   0.00787642716301
   0.48013316793547
   3.29078099879243
   0.04228441312697
   0.01023527596828
   0.70266443184872
   0.01112049676395
   0.56418105977238
   3.43840860818235
   0.03734720680879
   0.01419384934663
   0.60224245230393
   0.00798817162257
   0.58978156315664
   3.09418118068736
   0.04958379667947
   0.01991702642959
   1.39638228646234
   0.01246615503257
   0.37096375638705
   3.49222843919577
   0.05902927371980
   0.00156437981155
   2.04075255368125
   0.01565936489826
   0.82208364188441
   2.38489185818114
   0.05206013917263
   0.01316786416487
   1.23129074153714
   0.00989360634095
   0.43150554063177
   2.97776008299285
   0.03882914072287
  -0.00010037849615
   1.15996483048008
   0.01395257196519
   0.50046478785549
   3.28368371996212
   0.04609064298852
   0.00918616094919
   0.91374988948087
   0.00734554785333
   0.86434086132822
   2.35661144728023
   0.05367198227415
   0.00368044700716
   1.28603243494501
   0.01639256221864
   0.67018004037754
   3.11552793476409
   0.05857086189181
   0.01572668447285
   1.26167566263234
   0.00540728777107
   0.73917369258150
   3.27509303009612
   0.06116681740014
   0.01295362019910
   0.85896985363557
   0.01678865705394
   0.64005040716017
   3.54614057010693
   0.05311206116725
   0.01274798650052
   1.84740564943698
   0.00676000946461
   0.90683319438420
   2.30162201335610
   0.04045734600554
   0.01825636585374
   1.75039106556717
   0.00450869182155
   0.95804267835975
   3.12436770578345
   0.05027330094567
   0.00822020248658
   0.95069660492778
   0.01100407991071
   0.80913558222490
   3.45298546281223
   0.06430051714144
   0.00495400547170
   1.99181424905816
   0.01481294644824
   1.07407809103640
   3.78619456955363
   0.04969704313106
   0.01009851477481
   1.68845996095887
   0.02134109194507
   0.61472710397917
   2.34434494416196
   0.03828898092347
   0.01594001039962
   1.49220274681963
   0.00344096686669
   0.60698923247738
   3.55320868965331
   0.07463731950097
   0.00751068178826
   1.49392401034839
   0.01544355365107
   0.04330031462905
   3.34195435421480
   0.04032292764795
   0.01461583798630
   1.45876475490533
  -0.00114193460659
   0.74738040365809
   4.13984529467583
   0.04482614420223
   0.01557405523878
   0.67290722812318
   0.01754523553273
   0.71210512578183
   3.44259561031166
   0.04480992439752
   0.00745252060607
   1.62261504360535
   0.01383826251140
   1.01853776251291
   2.74329225708596
   0.04938622568771
   0.01526513060699
   1.50441792982168
   0.01095624672293
   0.64257356944285
   3.43673991192044
   0.04807456299118
   0.00713608865961
   1.42722357979602
   0.01240243821135
   0.90879784295600
   1.82398416465766
   0.05042672329611
   0.00486064062766
   1.42822622738252
   0.00404286892286
   1.00152148927145
   3.58329575906433
   0.04986080669438
   0.01331336803317
   1.04644419892400
   0.00408944064139
   0.91681636205801
   2.96673408088313
   0.04291255591958
   0.00883763185778
   1.55168259983869
   0.00499276377233
   0.71343244108202
   2.70020417957578
   0.03815398852046
   0.01144170333862
   1.13563331108888
   0.01150877518233
   0.78357198549556
   2.96462208140567
   0.04653403501376
   0.00863755454765
   1.36728733942046
  -0.00176239213622
   0.67992317620309
   3.51444786185695
   0.05274945484701
   0.01517989791781
   1.67315058435545
   0.01504170192666
   0.61823045729244
   2.91387686355032
   0.04745851062837
   0.01548877040992
   2.02798555100891
   0.01065642831442
   0.33895718219192
   3.32098562005263
   0.05284577230330
   0.00080220668919
   1.06347005330455
   0.00739308319511
   0.37279466965426
   3.50438309554600
   0.05904206362428
   0.01165602194466
   1.89538538452175
   0.00905298540251
  -0.14090604984284
   2.94355629525567
   0.04451209596769
   0.01490724225294
   1.61667658230346
   0.01317457170781
   0.56610024183732
   4.28979610442124
   0.04928744862547
   0.01199928972761
   1.61910298788043
   0.01972575662337
   0.66919600385915
   3.65621602239878
   0.05141480406141
   0.00901314799607
   1.60516544867656
   0.00257239805201
   1.00032077445791
   3.51630316631799
   0.04676321245877
   0.00646314110478
   2.01293558436582
   0.00338265709321
   0.73699955082380
   2.46448442214238
   0.03614975258190
   0.01641739884841
   1.69591649524225
   0.01025407572552
   0.45668126582585
   3.01015467781701
   0.05378243325236
   0.00965029333286
   1.65862977567427
   0.01013669943041
   1.67575318174828
   2.99635478331166
   0.04298162224287
   0.01036374098568
   2.53680222719943
   0.02199258768420
   0.79427107615742
   3.48580761807246
   0.04684028531568
   0.01207491752387
   1.58471511183805
   0.01337447239773
   0.83412793540186
   2.62922448242408
   0.05247644413986
   0.01391943048985
   2.39819071489039
   0.01385721137106
   0.90125716012229
   2.92977013390164
   0.05146259710963
   0.01005497284301
   1.05268491847978
   0.01865617351283
   0.64171866710641
   2.67165758115249
   0.06702829787733
   0.01070333931006
   1.08567157373631
   0.00799835503769
   0.72100153325440
   3.06346714631726
   0.06006041629778
   0.00976875158112
   1.41704491671505
   0.00000049819055
   0.79251313004815
   3.23602189442369
   0.05860163438845
   0.00748497997750
   1.68718084637906
   0.01161417303410
   1.05640247431798
   3.27724790658392
   0.05275519252126
  -0.00235534397540
   0.76619683422031
   0.01344516259427
   0.92818688339925
   3.88716079925206
   0.05629699335583
   0.01837376178855
   2.57826365695740
   0.00857754604333
   1.14572625090876
   1.86667614144205
   0.05307270320808
   0.00545590781889
   1.83567940074341
   0.01402151137544
   0.90664784215052
   2.31341130142553
   0.05805377326616
   0.02014863679633
   2.06455328656282
   0.00727691567801
   0.71070873249551
   3.32934797403131
   0.04064575598482
   0.01416346918985
   0.59654749248006
   0.01060684425898
   0.80948926690236
   3.75951732399160
   0.05071811081803
   0.01680796325505
   1.83798966025602
   0.00713711217357
   0.58161917641622
   2.16542554158291
   0.04767651725580
   0.01327419542182
   0.97189744477652
   0.00900639767879
   0.67022956372437
   2.85903331501131
   0.03604060874279
   0.00886738476350
   1.42769531845358
   0.00999462139255
   0.42067495621972
   3.02936790783784
   0.05746196956581
   0.00872550143809
   1.32855537370694
   0.01295145665011
   0.42226341166523
   3.33878187031073
   0.04179658780805
   0.01084222442920
   1.62264198785798
   0.01059747545899
   0.55343158845441
   3.33829467726333
   0.04775945965692
   0.01274760273836
   1.69435483932821
   0.01088578178017
   0.41393159568456
   2.52008155254952
   0.04586285086855
   0.01164359203450
   1.12130268050576
   0.00940983141754
   0.51007998447917
   2.94734987105307
   0.04830697840844
   0.00746334775337
   1.17429929045235
   0.01105678172737
   1.12789917623472
   2.87161035969662
   0.05750421844692
   0.01092005418372
   0.95782515068827
   0.00435292856463
   0.88129551837532
   2.54310747212500
   0.03698479230988
   0.01962733934854
   1.62425589159701
   0.00613676374788
   0.58621159969300
   3.49204213944196
   0.05668480592415
   0.01199982020009
   2.58043985880356
   0.01031044634260
   0.51522206911015
   2.60002071031592
   0.04827201148850
   0.00844947527472
   1.45759494425402
   0.00352324915578
   0.75771268435547
   3.28034012931821
   0.06612159103744
   0.01440259996429
   1.78406230112830
   0.02167858947230
   0.84666528153696
   2.79756755707750
   0.04134285316560
   0.01186665592971
   2.18471613767230
   0.01069132260158
   0.84582756782807
   2.48875241258850
   0.04595125904601
   0.00751256807874
   1.69179631637766
   0.00884341176419
   1.06157642022487
   2.68201830967578
   0.04768601438748
   0.00979693570975
   1.34522898994477
   0.00267614352232
   1.41772205393442
   2.95628133706754
   0.05123302217911
   0.01017653870413
   1.50586022006008
   0.00711637009110
   0.82453809874862
   2.70578207744326
   0.06234379626535
   0.01153127837677
   2.59909554248190
   0.01985758751403
   0.81878591837223
   3.41525872977026
   0.04961060612532
   0.01338881805363
   1.34328749159832
   0.01121238362481
   0.97720055348940
   3.08208060964185
   0.04430261459571
   0.01166078794962
   2.02438593082874
   0.01409566747540
   0.62642880913348
   3.80240439093884
   0.06915897073502
   0.00827540395717
   1.42491117668846
   0.00981394954169
   0.27456831086350
   3.00670005271820
   0.05571137305149
   0.01070054600620
   0.97780535799961
   0.01125434584476
   1.17113310457258
   2.86414489569226
   0.05481172421819
   0.00459752470832
   1.17108239652322
   0.00360424621794
   0.41096880656059
   1.36691801679680
   0.04235146945404
   0.00880979878131
   0.88817925424854
   0.00993679098167
   1.26202198884278
   2.31306397229827
   0.04792015849149
   0.01260119063431
   2.05575644460592
   0.00775558724132
   1.29033350548162
   2.38733827296787
   0.05006120400199
   0.00700373364727
   1.86335709589999
   0.00565493581374
   0.62162218193889
   3.05968674506264
   0.06368486070165
   0.00597899426462
   1.66476933829957
   0.01392947731928
   0.44397818872494
   3.10260332851223
   0.05093863699462
   0.01718681837072
   0.87611554864734
   0.01388639224211
   0.64893708660630
   3.13579725620215
   0.04788178852928
   0.00501688882416
   1.45038137745189
   0.00524519260847
   0.85896231452324
   3.68950938517272
   0.04656159485069
   0.01368084043590
   0.76443092381506
   0.00830824518054
   0.49045460996521
   3.39464478661673
   0.04070510394058
   0.00917546618166
   2.20369208254632
   0.01070962013590
   0.18188772892878
   3.94616939593064
   0.06310452513768
   0.01122014929058
   0.63790113456053
   0.01247471074158
   0.96413981284803
   3.80234244598787
   0.04548849578426
   0.00999954215322
   0.66280925234242
   0.00603492842927
   0.52836873988726
   2.61532460230365
   0.04382516242429
   0.01282267884391
   0.78369110890264
   0.01836557747060
   0.78757728327039
   2.98595009199923
   0.04789648227990
   0.01661931284618
   1.30123714685248
   0.00747275333023
   0.25329423281536
   3.03385381606915
   0.02907061390224
   0.00846747923210
   1.12774995099392
   0.01088570676016
   0.92395142966559
   3.27792778747238
   0.04509265279721
   0.01410325762666
   1.13418455897216
   0.00770531139353
   1.07757850506815
   2.56487768930594
   0.04794987249357
   0.00432494313853
   0.69592082935652
   0.00283072875059
   1.09808327182434
   3.08153779250528
   0.04581359589032
   0.01232808628944
   1.86107791069098
   0.01732776692623
   0.89641356852036
   2.02631149721565
   0.04318410065325
   0.01481393897277
   1.66936667071956
   0.01977513868730
   0.83648625417879
   3.17767285893751
   0.06088382571382
   0.01751325208481
   1.72273319530525
   0.01026758000986
   0.77277411663569
   3.23772144442862
   0.03342428665691
   0.01006443967445
   1.05952536026217
   0.00641435785719
   0.59577507230743
   3.86786412289905
   0.05874812632642
   0.01907657601713
   1.80546023525407
   0.01843659412621
   0.43809315936318
   3.10032015096375
   0.07047170036719
   0.00876333541530
   1.77134092475342
   0.00515160357186
   1.27702064439602
   2.84342270240201
   0.06607648932175
   0.01646603725387
   1.65356613502740
   0.00043158054224
   0.98361139731378
   3.78866539404725
   0.03491568151321
   0.01087016343455
   1.28083383997090
   0.00657315273753
   0.62713164825481
   2.71711387762420
   0.03585863185333
   0.01022372118984
   1.20608581821422
   0.00966240382762
   0.22129288741374
   3.08846056739880
   0.05590562876821
   0.01602695088641
   0.80550851508238
   0.00645713562119
   0.71590718108625
   3.09314274236325
   0.05455653050305
   0.01175555032996
   0.94343567259915
   0.00098812296925
   0.68987304691705
   3.43738902458324
   0.05513562897284
   0.00548846073930
   1.51394020492727
   0.00829412947099
   1.00023715293970
   1.91559843437468
   0.04888655124493
   0.01205370298541
   1.66796079064237
   0.01274039907567
   0.93097879521983
   2.69649325722523
   0.03339090292604
   0.01045262892622
   0.86263029205603
   0.00475475005209
   0.95130317556616
   2.11264393783219
   0.05132750327691
   0.01913703226343
   1.29726583096434
   0.01247858701645
   0.78739972973688
   3.07213594421908
   0.07215760059774
  -0.00396986332533
   1.58539816473179
   0.00962845139503
   0.89643539748799
   2.97254879753143
   0.04872035090617
   0.01477178128628
   1.21818256809250
   0.01444967423834
   1.26514231082058
   3.78097790296800
   0.05428541250819
   0.00890698311915
   2.28951309408793
   0.00711332086455
   0.65864085366068
   3.17976762948150
   0.05387946471395
   0.01135487490728
   1.24610211357257
   0.00634985929599
   0.14288041668217
   2.16619811171395
   0.03844909130943
   0.00666107316702
   2.75315302632997
   0.00410631339926
   0.83520828957423
   2.90996085460579
   0.03829838268626
   0.00768752368850
   1.49680705688814
   0.02055702236364
   0.77457012968643
   3.06591500573579
   0.03180296146393
   0.01318710487547
   2.15327510860737
   0.01244302334434
   0.65626887191224
   3.37667072014294
   0.02692571936295
   0.00496149886397
   1.29415467504495
   0.00129361577028
   0.76672070499075
   2.93720763038096
   0.05440064630476
   0.01693588479811
   1.17022025440380
   0.00718133855703
   0.53380131521545
   2.81535091162459
   0.05578872954343
   0.00263791586379
   1.01575040089587
   0.01047753892922
   0.98803610453380
   3.33251473691094
   0.02061221120719
   0.01156590497991
   0.57549848117951
   0.00449388850788
   0.86484188930503
   2.40774188717056
   0.05884662626774
   0.01005330153593
   1.68279069157177
   0.01264235085428
   0.88873362862488
   3.86653671046901
   0.04836879835878
   0.00992538580065
   2.17248472930355
   0.00298315914910
   0.71280420312423
   3.00215575764572
   0.03873718179805
   0.00983785407854
   1.21955562275867
   0.00551094253427
   0.59000898903351
   3.08393818685203
   0.04677298745656
   0.01116556837577
   1.74828531672308
   0.00328988618771
   0.75630448036695
   4.47709983446584
   0.04756702863843
   0.00664302297855
   1.23017714742886
   0.01426040917623
   1.19987801758814
   2.83234185514560
   0.04370000024303
   0.01948990395328
   1.80049012871058
   0.01131315509992
   0.59069951095875
   2.76277624349255
   0.04763474755902
   0.00538102755467
   1.69218814788564
   0.01333840497121
   0.64131358759565
   2.58566436968988
   0.05337618436100
   0.01120943636419
   1.31982850812803
   0.01032279734249
   0.73197692318828
   2.44666938124180
   0.03841381141246
   0.00716224564088
   1.64682130249544
   0.01867664684679
   0.80180197490237
   2.29939813620830
   0.05045105981100
   0.00898212399198
   1.60071189817791
   0.01250760252705
   0.85082792769241
   2.45456719004255
   0.03515273837367
   0.00793552878309
   1.08567324941106
   0.00753911282349
   0.83844078088292
   3.41362680733905
   0.05047064732225
   0.00814877705536
   1.87374939810720
   0.00494371595334
   0.64716036657913
   2.79224649487227
   0.04451464197719
   0.00243542041120
   1.62754735772057
   0.00977387090098
   0.80552984391936
   2.50917244621134
   0.04409624960024
   0.01215570471432
   2.25446677808347
   0.00766718406801
   0.82955658617566
   2.49034697828738
   0.04453482624472
   0.00572275872093
   1.44113750155097
   0.00852089905682
   0.97534228353347
   3.70130518864590
   0.05030966735927
   0.00488682788678
   0.78868180671481
   0.01361901911343
   0.65050733825705
   3.07108626106099
   0.04141987035906
   0.01015272153069
   2.26090520497619
   0.00930171450317
   0.61314605477065
   3.32111061486505
   0.04452867506027
   0.00180142565921
   1.32723476439274
   0.01628878276303
   0.85173119023511
   2.80307084847365
   0.05963308551448
   0.00669170698886
   1.76995828685913
   0.01198279163557
   0.96856692626321
   3.28860640682746
   0.05100036419745
   0.00500189753764
   1.66297357801375
   0.00866286373085
   0.59220843703560
   2.86628528914103
   0.03714145748923
   0.00424837562677
   1.69507580806685
   0.00966834224534
   0.75481424871969
   1.86702284116657
   0.03560934058636
   0.00622768217507
   1.53567045268811
   0.01309508439869
   0.67560007775537
   2.86967555480516
   0.05774095380461
   0.00709759274014
   1.88292286444910
   0.00845013900206
   0.77544167125466
   3.25292352614956
   0.05267931135520
   0.00737626416183
   1.87375807011233
   0.01016463859483
   1.22275447319451
   3.01058126924494
   0.05690244077078
   0.00794058590321
   0.95598264057913
   0.00530664964268
   0.94368463323131
   2.79930755790210
   0.05345544137934
   0.01213827635817
   1.01960297814111
   0.01675133256937
   0.92325330892104
   3.23971980917105
   0.04489695192012
   0.00656740739212
   1.49795685986722
   0.01454097033947
   0.81091824090058
   3.12702281825024
   0.05135451577703
   0.00457591737460
   1.55616484200512
   0.01418821514045
   1.06794005280817
   2.48320620162725
   0.05661689347701
   0.00950766956313
   0.69460576111318
   0.02238823846804
   0.75919858702298
   2.54170631847003
   0.05359741982251
   0.00480869802224
   1.34514002217370
   0.00631607917461
   0.44987870900170
   2.96675903462627
   0.05854448113942
   0.01218630263962
   1.37919089879532
   0.01505845686542
   0.78567479053626
   3.35668058593775
   0.05894484133723
   0.00607581359197
   1.79254689837285
   0.00554163499217
   0.62818925226541
   3.07795800036355
   0.05921573168819
   0.00786643690439
   1.97118556211931
   0.01092451654107
   0.62910257607026
   2.83496392112183
   0.04045223848638
   0.01270727605425
   1.89807352435952
   0.00588990896638
   0.78314821319674
   3.23385091544391
   0.06443242028066
   0.01190319350268
   1.45406901393204
   0.01413105966600
   0.77184497107880
   2.80073334830708
   0.06509438849964
   0.01738313107212
   0.98999260891175
   0.01175124016294
   0.64043515290864
   4.16685449146005
   0.06686564727261
   0.01741936235769
   1.84848626945006
   0.00564380004483
   0.28636559137255
   2.36230679711848
   0.04326611762360
   0.00745569122882
   1.11758215111148
   0.01094998872868
   1.16659666536586
   3.11269180061854
   0.04532533494693
   0.00910821745283
   1.22664697349765
   0.00855866878459
   1.34734226236830
   2.74741490087668
   0.02788425623563
   0.01452184013859
   1.85585746975529
   0.01486507370154
   0.70904950753175
   2.81307662732245
   0.05760792483069
   0.00778790253359
   1.25721664095108
   0.01117033204423
   0.85371827124724
   2.57487450740676
   0.04842467593851
   0.01682970833626
   2.02308817203298
   0.01252149549394
   0.83750406120593
   3.81538598790603
   0.04755348831390
   0.01055247717683
   2.23204972957028
   0.00771657708040
   0.60322719891238
   3.05386016997029
   0.04319918471507
   0.00679741495475
   1.24190913383061
   0.00663868420920
   1.14909007839627
   3.42753972656026
   0.04911370867678
   0.00339390078751
   1.81057429069368
   0.01062063179788
   0.39194237418848
   2.39629233399837
   0.04378034039644
   0.00645650601120
   1.00802954543965
   0.00844813411365
   0.65466455817895

>> diary off
