   2.6888453303693440e+00
   2.0054746724933459e+00
   1.7142334592169370e+00
   1.4056985270833080e+00
   1.3739662638241190e+00
   1.2460150054802659e+00
   1.0954009221383150e+00
   8.7944288092225742e-01
   7.2625031431687015e-01
   6.9975136522723946e-01
   6.3161657760373602e-01
   5.3591910589363501e-01
   5.1005561956135692e-01
   3.8236937225449358e-01
   3.7293310485563330e-01
   3.0889157573204168e-01
   3.0690901899102913e-01
   2.2052054492058501e-01
   1.7045694515453441e-01
   1.3598998616741181e-01
   1.1769285683010570e-01
   9.5582964431128251e-02
   9.0781624797418942e-02
   7.7521560017237770e-02
   6.5167993484173251e-02
   6.0817642071339606e-02
   5.5509193988273371e-02
   3.2438896518803662e-02
   3.0717698774054242e-02
   2.4967556702647487e-02
   2.0252772382640425e-02
   1.8266465546120582e-02
   1.6458495490690481e-02
   1.3659346588027782e-02
   6.5938622694117132e-03
   5.9974396411441536e-03
   5.2025832317434666e-03
   4.9670032102298685e-03
   3.6633263787832805e-03
   3.0385894146948561e-03
   2.4936872835013783e-03
   1.7392304830574530e-03
   1.5519411955170568e-03
   1.5105129865880377e-03
   1.4077950251838321e-03
   1.2339302540741678e-03
   8.1314135221901434e-04
   6.8486644305405049e-04
   6.0438558617470939e-04
   5.5339598558456896e-04
   4.9029461107744619e-04
   3.6879519728542719e-04
   3.3797584537920849e-04
   3.1506659866253878e-04
   1.9263997732737296e-04
   1.8108309877713164e-04
   1.7843090840494047e-04
   1.7580589279212017e-04
   1.4140241312546979e-04
   1.2213960885879349e-04
   1.0483394169862742e-04
   7.5083870752807273e-05
   5.9495931965659416e-05
   5.5710551587401263e-05
   4.7436606616984141e-05
   4.2216543357500327e-05
   4.0475475057022787e-05
   2.2352839629692229e-05
   1.7427760296737400e-05
   1.2385771549379440e-05
   1.2258691783300134e-05
   7.5428032983135554e-06
   2.2078046967082432e-06
   2.7579824088836338e-07
   7.9280523355109435e-19
   1.1048760776553068e-21
  -9.6242879468895444e-21
  -9.8632606651700347e-17
  -5.6577718432694289e-11
  -9.3518526294784770e-08
  -1.2475096031783399e-07
  -1.5778856654356433e-05
  -2.2653649722467818e-05
  -3.9824735486848457e-05
  -4.6634478144656526e-05
  -4.7042877170823473e-05
  -9.9054307287206237e-05
  -1.0156034211838067e-04
  -1.2001611677401183e-04
  -1.3571006949295012e-04
  -1.8195567528416504e-04
  -2.1255085841213937e-04
  -2.7956062045090733e-04
  -2.9441906153079297e-04
  -3.3070729603243648e-04
  -4.1039075091289681e-04
  -9.3251398450037927e-04
  -9.9083716299158209e-04
  -1.1417248240192573e-03
  -1.1737435043313962e-03
  -1.4646207290203571e-03
  -1.7463533491575544e-03
  -1.9852067350496177e-03
  -2.7048585207686306e-03
  -2.7612272379389092e-03
  -3.3433520908651309e-03
  -3.6758923435879546e-03
  -8.5157417751281963e-03
  -1.0905828951639633e-02
  -1.2034866985385020e-02
  -1.2331983629503416e-02
  -1.7599628834097169e-02
  -1.7821112407983924e-02
  -3.2398607760346788e-02
  -3.3009081296425880e-02
  -4.2239746466887780e-02
  -5.0062895317376149e-02
  -5.1886012772449426e-02
  -6.6030031861730593e-02
  -1.3703927460592891e-01
  -1.4459468008807999e-01
  -1.7989693758144179e-01
  -2.4985105628912521e-01
  -2.7337777008067549e-01
  -2.7497458977190820e-01
  -3.4526622806905188e-01
  -4.6750193584551220e-01
  -1.4666063302818610e+00
   1.4000000000000000e+01
   1.0000000000000000e+01
   2.2000000000000000e+01
   2.8000000000000000e+01
   2.4000000000000000e+01
   2.2000000000000000e+01
   1.2000000000000000e+01
   1.0000000000000000e+01
   2.8000000000000000e+01
   1.6000000000000000e+01
   1.2000000000000000e+01
   1.6000000000000000e+01
   4.0000000000000000e+00
   2.2000000000000000e+01
   2.6000000000000000e+01
   1.0000000000000000e+01
   2.6000000000000000e+01
   4.0000000000000000e+00
   1.8000000000000000e+01
   3.0000000000000000e+01
   6.0000000000000000e+00
   2.0000000000000000e+01
   2.4000000000000000e+01
   1.6000000000000000e+01
   1.8000000000000000e+01
   2.4000000000000000e+01
   1.8000000000000000e+01
   2.8000000000000000e+01
   1.0000000000000000e+01
   2.0000000000000000e+01
   1.6000000000000000e+01
   2.2000000000000000e+01
   1.8000000000000000e+01
   4.0000000000000000e+00
   3.0000000000000000e+01
   2.2000000000000000e+01
   8.0000000000000000e+00
   2.0000000000000000e+01
   2.2000000000000000e+01
   1.4000000000000000e+01
   2.4000000000000000e+01
   1.2000000000000000e+01
   6.0000000000000000e+00
   1.4000000000000000e+01
   2.2000000000000000e+01
   2.8000000000000000e+01
   8.0000000000000000e+00
   2.0000000000000000e+01
   2.0000000000000000e+01
   2.0000000000000000e+00
   1.4000000000000000e+01
   2.4000000000000000e+01
   2.2000000000000000e+01
   3.0000000000000000e+01
   2.6000000000000000e+01
   8.0000000000000000e+00
   8.0000000000000000e+00
   1.6000000000000000e+01
   2.0000000000000000e+00
   4.0000000000000000e+00
   2.4000000000000000e+01
   2.2000000000000000e+01
   1.0000000000000000e+01
   2.0000000000000000e+00
   1.2000000000000000e+01
   1.6000000000000000e+01
   6.0000000000000000e+00
   4.0000000000000000e+00
   1.4000000000000000e+01
   6.0000000000000000e+00
   2.6000000000000000e+01
   2.2000000000000000e+01
   2.4000000000000000e+01
   2.2000000000000000e+01
   8.0000000000000000e+00
   2.0000000000000000e+01
   8.0000000000000000e+00
   2.2000000000000000e+01
   1.8000000000000000e+01
   3.0000000000000000e+01
   2.0000000000000000e+00
   4.0000000000000000e+00
   6.0000000000000000e+00
   2.2000000000000000e+01
   2.0000000000000000e+01
   8.0000000000000000e+00
   6.0000000000000000e+00
   2.0000000000000000e+00
   1.0000000000000000e+01
   2.0000000000000000e+01
   1.2000000000000000e+01
   2.0000000000000000e+00
   2.0000000000000000e+00
   1.8000000000000000e+01
   3.0000000000000000e+01
   1.2000000000000000e+01
   1.4000000000000000e+01
   1.6000000000000000e+01
   2.8000000000000000e+01
   2.4000000000000000e+01
   2.8000000000000000e+01
   4.0000000000000000e+00
   1.8000000000000000e+01
   2.2000000000000000e+01
   1.2000000000000000e+01
   2.2000000000000000e+01
   1.4000000000000000e+01
   1.0000000000000000e+01
   3.0000000000000000e+01
   2.8000000000000000e+01
   6.0000000000000000e+00
   1.4000000000000000e+01
   3.0000000000000000e+01
   1.0000000000000000e+01
   2.0000000000000000e+00
   2.6000000000000000e+01
   2.6000000000000000e+01
   2.6000000000000000e+01
   3.0000000000000000e+01
   1.2000000000000000e+01
   2.2000000000000000e+01
   4.0000000000000000e+00
   8.0000000000000000e+00
   1.6000000000000000e+01
   2.6000000000000000e+01
   1.8000000000000000e+01
   2.8000000000000000e+01
   6.0000000000000000e+00
   1.4725885841004751e+00
  -1.6150553866883280e-01
   5.2878572141595981e-01
   1.1733647345580300e+00
  -2.7084809548533522e-02
   3.9049106533124939e-01
   1.6600856022822721e+00
   1.4370857433639554e-04
   7.8578052071460203e-01
   1.8386472726346470e+00
  -1.0519926761728350e-01
   4.5989296974386679e-01
   1.8080296096199260e+00
  -6.5223776805374167e-02
   7.3430746264089852e-01
   1.6545568767335219e+00
  -1.4436500081630804e-02
   1.1440165667565960e+00
   1.2597122863862560e+00
   2.2830320703476147e-02
   5.7030038273523187e-01
   1.1909397912033219e+00
  -1.2022065190226670e-01
   3.5220655764238151e-01
   1.6667313005309989e+00
  -3.5474487500013030e-02
   6.8037601880710863e-01
   1.4204713465093259e+00
  -2.0066470512169868e-02
   1.6082762026860291e+00
   1.2875106621900141e+00
  -7.2120769441088237e-02
   2.4954493502358308e+00
   1.5339655917654751e+00
  -1.6903853443771799e-01
   9.7110878509152943e-01
   7.5857528515234096e-01
  -6.4126297860999095e-03
   3.1856010392731771e-01
   1.4620613474875230e+00
  -2.1071247565293129e-03
   9.8301987379118516e-01
   1.6941360972251920e+00
  -4.9150496522934968e-02
   3.0405810741123901e-01
   1.1997471259483801e+00
  -3.0967301770480668e-02
   3.1984871718420732e-01
   2.0136451190846341e+00
  -1.6342408764975062e-02
   1.0411223736776489e+00
   1.0593119305521901e+00
  -1.6075484107924237e-02
   5.1737955882567253e+00
   1.5262350223477750e+00
  -2.7066445453228106e-02
   3.3797112179562081e+00
   2.0078006374936059e+00
  -1.9279576706930653e-02
   1.7569361950810549e+00
   8.5473989577320919e-01
  -6.2921854713710826e-02
   2.3828672412077151e-01
   1.7970798243920469e+00
  -2.9452182027957091e-01
   1.4575779262476800e+00
   1.5810594435910661e+00
  -1.5752436336052170e-02
   1.0843692015630671e+01
   2.0134396004553601e+00
   1.8188486110021021e-01
   5.4798676111294258e+00
   1.4418613850430440e+00
  -1.7229444321355016e-02
   1.1736476933757810e+01
   1.6606959052947119e+00
   8.2678100432250726e-02
   2.3441442615757762e+00
   1.9037910773516700e+00
   8.0321907860021427e-02
   2.5403524954932739e+00
   5.2241722156732298e+00
   3.4505938855190321e-01
   8.4998023289342655e+00
   1.0730849232557020e+00
  -1.1234012133618680e-01
   7.2111841640812113e-01
   4.3663257623319973e+00
   4.3904709445323448e-01
   8.5882361972118755e+00
   3.1240808809262841e+00
   6.3631288773093342e-01
   8.6843390963528098e+00
   1.7141161162935770e+00
  -2.2771169721442983e-02
   7.8281393406864126e+00
   2.7985529903385280e+00
   3.0167676555553892e-02
   5.1989169410853107e+00
   1.5229907728488461e+00
   1.3789316021325221e-01
   5.7640423095966764e-01
   1.9840081152053211e+00
   1.0762248838965270e-01
   5.1591624374974874e+00
   2.9760547098099890e+00
   5.6148187567016905e-01
   8.7923252307282524e+00
   1.9372588484918580e+00
   9.2847645661733580e-01
   7.9876753891758883e+00
   3.4330622136134692e+00
   4.1555042410724591e-01
   7.9802655749483042e+00
   3.0249998485620249e+00
   3.2920544923487866e-02
   2.7149907896888150e+00
   2.9297069002383598e+00
   7.2790867180816909e-01
   7.1194354276790230e+00
   3.9339295980663151e+00
   2.0077757916014349e-01
   4.2126274612380881e+00
   2.8740149370173631e+00
   7.1016097666784861e-01
   6.5277533524639368e+00
   2.3819217841813400e+00
   4.2884484242302467e-01
   8.5618834788168900e+00
   2.8629495712564741e+00
   6.5476600910183724e-01
   9.5576313157868213e+00
   1.7621478718753660e+00
  -2.6230177462755477e-02
   2.4133364131798849e+01
   1.7442381626436201e+00
  -1.7902594538573121e-02
   1.6896077710689230e+01
   3.9560013124323210e+00
   8.6100143474823176e-01
   6.5318130207387322e+00
   4.4218916832374191e+00
   5.6367882187501472e-01
   4.5330754964762878e+00
   5.1235936408482212e+00
   3.4256309787709832e-01
   5.4375448638038977e+00
   2.8328378332209798e+00
   5.9476934313169771e-01
   6.0750230642977021e+00
   3.7672106426384748e+00
   1.2915030499645111e-01
   3.3314702909082952e+00
   3.3732978339305602e+00
   7.6206234967391970e-02
   7.2310440994673080e+00
   1.6880663427903320e+00
  -2.5645929791290309e-02
   4.8866368615185337e+01
   1.6955981919071259e+00
   7.4143487055929286e-04
   2.9551498496155599e+01
   5.2267643579944707e+00
   6.9989221353068720e-01
   8.9598379481893389e+00
   4.8496288185772896e+00
   6.6419023008400246e-01
   6.3979236748591619e+00
   4.2768152183491939e+00
   5.1075661485595314e-01
   3.2004688582437879e+00
   4.9440096038408017e+00
   1.8785406361604909e-01
   2.2367790873790820e+00
   4.2346063766310973e+00
   1.6011125889095409e-01
   4.7937250088014380e+00
   4.5110874341548826e+00
   5.9232138961734820e-02
   2.2042352156837510e+00
   4.3255949545293948e+00
   1.2559242250154579e-01
   2.6830729216740590e+00
   4.7318957137826994e+00
   3.4997688551620332e-01
   5.1150528776622863e+00
   1.1543276413896140e+00
  -2.6559694962073263e-02
   9.7749005043673918e+01
   4.3910779098274668e+00
   8.1750750875141165e-01
   7.4216588937896750e+00
   4.7381537931882356e+00
   2.7252138577629877e-02
   3.8386358294122029e+00
   5.1990784851014249e+00
   7.3237863445551643e-01
   5.3858973954685139e+00
   5.2968596011204729e+00
   5.0885661619019262e-01
   3.7820682580650149e+00
   4.9180620610816428e+00
   7.1379418135521511e-01
   2.4338157517573951e+00
   4.2502791875248880e+00
  -1.4110708940993141e-01
   3.2147599848403812e+00
   4.2460841755814061e+00
   5.3481849476117682e-01
   4.9152831352911406e+00
   1.8138130593874360e+00
  -4.3538636968981290e-02
   2.1857944219238991e+02
   4.7523359121911906e+00
   7.6862201169637234e-01
   7.6648684876485964e+00
   8.3652201854668073e-01
  -6.4983507681657268e-02
   4.0667646224864349e+00
   5.1475655060831098e+00
   2.6224355283704820e-01
   1.6409354315273891e-01
   1.6201046515886199e+00
   3.6465961777517469e-01
  -5.1523237993478773e-03
   2.9188791335010840e+00
   3.6592682077595101e-01
   3.1132487414500171e-02
   4.0400914722656447e+00
   6.3579681319457215e-01
   3.7384835230795240e-03
   5.0843302549838834e+00
   4.6226769687082742e-01
   5.7829368595566859e-02
   3.8611705530233542e+00
   1.5792612981714341e-01
   5.0856139553220291e-02
   5.8769358825066698e-01
   3.1889364058468589e-01
   3.9059619379620369e+00
  -2.3202356185110219e-02
   6.8587374483601971e-02
   4.9423764754615712e-01
   2.4845030188071120e+00
   7.9083437141504276e-01
   8.6383218411631901e+00
   2.9193844291189062e+00
   7.8698491442721685e-01
   2.4472409901465828e+00
   5.1136647029666351e+00
   2.3915610593369571e-01
   4.1637233030162566e+00
   4.7951746475666956e+00
   5.4881442857404172e-01
   3.1957576616547758e+00
   4.5232149995255151e+00
   8.0759570192218344e-01
   2.7475552523410922e+00
   4.4399873716649374e+00
   3.2594242566260689e-01
   3.0115687390687098e+00
   4.0846497091148590e+00
   8.9544729415919441e-02
   6.6634202774684272e+00
   3.4271879878189289e+00
   7.6612212650754408e-01
   3.8026449952691030e+00
   4.7807687357562427e+00
   7.8491289285760135e-01
   5.8041167710138266e+00
   4.1444261465090007e+00
   8.8510934550135256e-02
   2.4502690148347872e+00
   4.0171623154603413e+00
   1.7479128426736701e-01
   5.5876191222299356e+00
   2.9725525932517760e+00
   1.8131511849331949e-01
   3.2869609557240680e+00
   4.7651142466615992e+00
   6.1507056294039308e-01
   5.3303602583693417e+00
   2.9457582523597359e+00
   7.3052047448552748e-01
   5.2990723605114276e+00
   2.7287117378378420e+00
  -2.8686862028730159e-01
   7.3936611628481863e+00
   2.7910842845962320e+00
   8.0843069725039873e-01
   7.8745917612618479e+00
   3.4684626422829319e+00
   3.5730096565264757e-01
   4.2904171774884716e+00
   1.3885457055312360e+00
  -9.3854225869235974e-02
   5.1661710529238798e+00
   2.8130716862916789e+00
   4.9447034390815942e-01
   9.4436474169755265e+00
   4.7193106338637678e+00
   4.3027410685703171e-01
   8.9054072142739660e+00
   2.9786868002241431e+00
   9.2957586502789313e-01
   6.2094929006472297e+00
   3.2628570525840019e+00
   3.9994446179748361e-01
   6.9831253661162140e+00
   1.9478051829912930e+00
   2.7123446305925447e-02
   1.1774027172448751e+01
   2.8934452988574750e+00
   2.6927457669003069e-01
   4.2165178511051584e+00
   3.7745901854537780e+00
   6.0631479495009266e-01
   7.3904513755658359e+00
   2.7951492134908329e+00
   6.0513877986802256e-01
   9.0157391755851179e+00
   1.8926851432390730e+00
   6.1085996104445239e-01
   6.6498146727986720e+00
   2.6095716911806850e+00
   2.3581023100608661e-01
   5.6139031051735317e+00
   2.6528843032603580e+00
  -6.8781016705948151e-03
   1.6248914783948309e+00
   2.4556042632107249e+00
  -1.5218111567522959e-02
   5.2070051681124268e+00
   2.6112855650898892e+00
  -6.3821234648260006e-02
   4.9936201831878781e+00
   2.8116974588263361e+00
  -1.2379315787541929e-01
   1.0067882397330521e+00
   2.5473636708464360e+00
   7.4315430834136342e-01
   8.6252530623962773e+00
   8.2773177824625688e-01
   2.3238837039473151e-01
   5.6165402663927999e-01
   2.2684124704061550e+00
   2.0350013542405017e-02
   2.5833575323634141e+00
   5.0328932255559220e+00
   3.6605447909687461e-01
   8.5176642160523279e+00
   1.5204407159074509e+00
  -8.3463101294057873e-02
   2.3676995543150210e+00
   2.8630241170844251e+00
  -2.6629068897255147e-02
  -3.7811857678971589e-01
   1.5742308260337561e+00
  -1.2958428647532801e-02
   2.4909341858119771e+00
   1.5354481546473751e+00
  -1.6427907394497007e-02
   1.1198885315812500e+01
  -7.1324434844121432e-01
   5.8063136264088809e-03
   2.6297374179631727e-01
   1.4826337596610910e+00
   4.8662864672302346e-02
   5.2345411109899720e+00
   1.4330081884678361e+00
  -6.8994303026869083e-02
   2.6758297775420101e+00
   2.2176600117978089e+00
  -1.4651635211800015e-02
   3.5819574956191419e-01
   2.1006115101352560e+00
  -1.8525118169720970e-02
   5.3918190645058039e-01
   2.2966915383156650e+00
  -1.4031145918534695e-02
   5.1662699773366094e-01
   9.1990921302505924e-01
  -9.1793817986380449e-03
   3.5040260676868040e-01
