   4.1857486368004828e+00
   2.3548953785611348e+00
   2.2381490352461650e+00
   2.1155310094681750e+00
   1.6584177991029940e+00
   1.3705459592466971e+00
   1.3083725256738581e+00
   1.0617817230381730e+00
   9.3101319449053788e-01
   8.6173966182138950e-01
   8.2071384902467159e-01
   3.9771819035092620e-01
   3.9367451920146401e-01
   3.3727540344921841e-01
   2.6526919287923822e-01
   2.5873414653347693e-01
   1.9216025649955010e-01
   1.0278984140321870e-01
   9.5164788511843165e-02
   7.2662945840648238e-02
   3.4826041442780377e-02
   3.2512163889635799e-02
   2.6578946428662969e-02
   2.5020633230221551e-02
   1.8551638889415616e-02
   1.7382854150728551e-02
   1.6374875993399547e-02
   1.3913654240082337e-02
   1.2810803706103907e-02
   1.1647071877539017e-02
   8.8707936965610364e-03
   8.8496888977963178e-03
   8.5525102802050841e-03
   6.4967168524665388e-03
   6.2722574488480662e-03
   5.1610207000087312e-03
   5.1126740186669397e-03
   5.0496805918609812e-03
   4.8231863010020602e-03
   4.5977658608085479e-03
   3.6867425691708691e-03
   3.4124451984992935e-03
   3.0754754397803348e-03
   2.6533974227446310e-03
   2.1970495633276718e-03
   1.9168883530502792e-03
   1.8462191649098669e-03
   1.3719094769747647e-03
   1.1947488974685678e-03
   8.8957986135020431e-04
   8.1493798849616053e-04
   6.1750888410146327e-04
   5.1320724403501031e-04
   4.6457077166012271e-04
   3.3531085468963554e-04
   2.6037827289253259e-04
   1.5347170726717630e-04
   1.5219924876044442e-04
   1.3526219523205842e-04
   1.0218878372553025e-04
   8.7275230455444272e-05
   7.3390305615104052e-05
   6.7613844570226219e-05
   6.1609025832678349e-05
   2.0000000000000000e+01
   1.6000000000000000e+01
   1.6000000000000000e+01
   1.2000000000000000e+01
   1.4000000000000000e+01
   2.4000000000000000e+01
   3.0000000000000000e+01
   1.6000000000000000e+01
   1.2000000000000000e+01
   1.8000000000000000e+01
   1.6000000000000000e+01
   2.8000000000000000e+01
   2.2000000000000000e+01
   3.0000000000000000e+01
   1.4000000000000000e+01
   2.2000000000000000e+01
   2.2000000000000000e+01
   2.6000000000000000e+01
   2.6000000000000000e+01
   1.4000000000000000e+01
   1.8000000000000000e+01
   2.2000000000000000e+01
   3.0000000000000000e+01
   2.2000000000000000e+01
   2.2000000000000000e+01
   2.6000000000000000e+01
   2.8000000000000000e+01
   2.0000000000000000e+01
   2.2000000000000000e+01
   2.0000000000000000e+01
   2.6000000000000000e+01
   2.4000000000000000e+01
   2.0000000000000000e+01
   1.6000000000000000e+01
   3.0000000000000000e+01
   2.6000000000000000e+01
   2.4000000000000000e+01
   2.2000000000000000e+01
   1.4000000000000000e+01
   2.4000000000000000e+01
   2.0000000000000000e+01
   1.4000000000000000e+01
   2.8000000000000000e+01
   2.0000000000000000e+01
   1.2000000000000000e+01
   2.6000000000000000e+01
   2.4000000000000000e+01
   2.4000000000000000e+01
   1.8000000000000000e+01
   2.0000000000000000e+01
   1.6000000000000000e+01
   2.0000000000000000e+01
   1.6000000000000000e+01
   1.4000000000000000e+01
   1.8000000000000000e+01
   2.6000000000000000e+01
   2.4000000000000000e+01
   2.8000000000000000e+01
   1.2000000000000000e+01
   2.0000000000000000e+01
   1.8000000000000000e+01
   2.0000000000000000e+01
   2.8000000000000000e+01
   1.6000000000000000e+01
   1.6006071183654940e+00
  -1.0600047060574549e-01
   4.2189749112980751e-01
   1.5223802285518320e+00
  -1.1496013135294880e-01
   8.9505547333961866e-01
   1.4446025231363600e+00
  -1.4106034918269002e-02
   1.2687647864140881e+00
   1.2630176365576999e+00
  -3.4932608686113085e-03
   8.7602591627907933e-01
   1.3746364678541569e+00
  -7.0245387484002678e-02
   4.2880647771568331e-01
   1.9532226443567859e+00
  -4.3701742583727859e-01
   8.0295401210031392e-01
   1.6987425471966859e+00
  -4.8553995046154126e-03
   6.3429890259721822e-01
   1.4731408317741650e+00
  -2.1877727271326506e-02
   1.7329123704149081e+00
   1.3085919944958100e+00
  -1.8834928061237899e-01
   4.5282915886525787e-01
   1.3951790362110070e+00
  -7.9526082520523823e-03
   3.0820023739037622e-01
   1.4333106178423931e+00
  -1.7994639548348099e-01
   5.8584907548451859e-01
   1.8077283134661719e+00
  -1.2507660824448518e-02
   3.1145289747060861e-01
   1.7069551290484790e+00
  -5.8316225001881675e-02
   2.4274534670028420e+00
   1.9381471273394451e+00
   5.5492081276403357e-02
   6.7607614958364792e-01
   1.3770035913482150e+00
  -2.0372801477645659e-02
   3.6129863754882359e+00
   1.8177102303116901e+00
  -2.4055705230902941e-01
   1.3381457638717020e+00
   2.1214168945688221e+00
   4.6765096479937360e-02
   1.6824597885059180e+00
   1.7464246173795801e+00
   7.6541442627103065e-02
   2.4822738782053539e+00
   1.5412109711499371e+00
  -3.7612777897708459e-03
   2.1959600473248981e+00
   1.4689512446157520e+00
  -7.4233008459658772e-02
   5.6179288330005548e+00
   2.2694093999873490e+00
   4.1103315611861491e-01
   9.6571032273296904e+00
   3.9694240367687090e+00
   6.1320335441123741e-01
   8.8004752703316118e+00
   1.8399499956439820e+00
   3.1250517880266254e-02
   5.6172365256009860e+00
   1.6964657758238251e+00
  -2.2900034611997015e-02
   9.6661668439101867e+00
   3.0419864047955598e+00
   1.6759613528499201e-01
   4.6232752783306568e+00
   2.6035947411990832e+00
   2.0534799752093261e-01
   5.0127356066132149e+00
   2.3261133048254101e+00
  -3.9749996197891652e-01
   1.9394500537988850e+00
   2.3058539609849089e+00
   6.6806217326778661e-01
   7.9768565214688794e+00
   3.4377725579213840e+00
   2.5491441398151687e-01
   5.9812693441259448e+00
   2.7237391317485180e+00
   4.0980291225334892e-01
   7.9070308251706214e+00
   1.5438797811671829e+00
   1.0972825540920396e-02
   7.2684799058177614e+00
   2.1756546521825402e+00
   3.9058142281509090e-01
   6.7344567364165444e+00
   4.1033528342391632e+00
   3.2085427566798191e-01
   4.7987205927244458e+00
   3.3831831255762439e+00
   6.9357961353206751e-02
   5.1309740855631034e+00
   4.9252926392217056e+00
   5.0489902485776539e-01
   7.7883920740710151e+00
   2.0925948682614881e+00
   3.3781270998302693e-01
   4.9461822131174866e+00
   1.6070290687427971e+00
  -1.2939965596442156e-02
   1.6059236229861231e+01
   4.8036050715339220e+00
   3.5573517311613378e-01
   8.7583476523565462e+00
   3.4388151471087758e+00
   5.8512167082803901e-01
   6.6389121149695320e+00
   5.0578937122223548e+00
   1.7744860540995211e-01
   3.5735527232335791e+00
   3.7447481607725250e+00
   7.9163623094763147e-01
   6.7572654191029722e+00
   2.6218699976130888e+00
   8.3886553159929433e-01
   7.9706545847992496e+00
   2.0635503084469842e+00
  -2.1358028556336974e-02
   1.8158779944772409e+01
   3.5661827976418490e+00
   6.9764588232276725e-01
   7.1542783105835506e+00
   3.6613825531587731e+00
   8.9465964908718820e-01
   8.5751890403224262e+00
   1.7759357499704871e+00
  -3.5788006557885096e-02
   3.2230880096643752e+01
   1.7166477964280189e+00
  -3.8238151098456581e-02
   5.1161050420061457e+01
   5.0370091521945124e+00
   7.2579148546252703e-01
   9.4139469668674565e+00
   5.1671494142366230e+00
   4.5587354850858042e-01
   4.1847317912623794e+00
   3.2699804255859148e+00
  -9.5664184151987450e-02
   3.6308888947505751e+00
   2.4161396410478631e+00
   7.1122363695939550e-01
   8.8285003820092722e+00
   3.6471435579512539e+00
   3.4218346056243931e-01
   2.6476004212205719e+00
   3.6849777482106441e+00
   7.6375838880841984e-01
   2.4787739146527201e+00
   3.9998095258323452e+00
   1.8400217153694531e-01
   5.4298842963313154e+00
   4.6375477831180092e+00
   6.2869627743531153e-01
   5.5778575869940674e+00
   2.1299841817752458e+00
   7.2527996606041745e-01
   3.0112045376347578e+00
   3.1052216105469981e+00
   4.3726581705676859e-01
   6.9753125881730427e-01
   2.9494095419542710e+00
   5.1048475912552538e-01
   5.7623897660581154e+00
   4.2282172578889838e+00
   6.3872568169666066e-01
   3.2089857677975790e+00
   4.3957935864593649e+00
   8.7641887954230691e-01
   3.9052087587081332e+00
   3.2674914601176268e+00
   1.4110403811563380e-01
   5.4670879412267004e+00
   4.7129772798277854e+00
  -7.7603191400108948e-02
   1.5440389163554300e+00
   1.8727306518555451e+00
   5.0138286724173441e-02
   1.4077219932292229e+02
   5.1153747026422058e+00
  -4.2307970300063773e-02
   2.4129057959537898e+00
