lumizene test input
number of atoms
16
number of primitives
79
Adjacency matrix
 0  1  0  0  0  1  0  0  0  0  1  0  0  0  0  0 
 1  0  1  0  0  0  0  0  0  0  0  1  0  0  0  0 
 0  1  0  1  0  0  0  0  0  0  0  0  1  0  0  0 
 0  0  1  0  1  0  0  0  0  1  0  0  0  0  0  0 
 0  0  0  1  0  1  1  0  0  0  0  0  0  0  0  0 
 1  0  0  0  1  0  0  0  0  0  0  0  0  1  0  0 
 0  0  0  0  1  0  0  1  0  0  0  0  0  0  0  0 
 0  0  0  0  0  0  1  0  1  0  0  0  0  0  1  0 
 0  0  0  0  0  0  0  1  0  1  0  0  0  0  0  1 
 0  0  0  1  0  0  0  0  1  0  0  0  0  0  0  0 
 1  0  0  0  0  0  0  0  0  0  0  0  0  0  0  0 
 0  1  0  0  0  0  0  0  0  0  0  0  0  0  0  0 
 0  0  1  0  0  0  0  0  0  0  0  0  0  0  0  0 
 0  0  0  0  0  1  0  0  0  0  0  0  0  0  0  0 
 0  0  0  0  0  0  0  1  0  0  0  0  0  0  0  0 
 0  0  0  0  0  0  0  0  1  0  0  0  0  0  0  0 
primlst
1
     1
     1
     1
     1
     1
     1
     1
     1
     1
     1
     1
     1
     1
     1
     1
     1
      2
     2
     2
     2
     2
     2
     2
     2
     2
     2
     2
     2
     2
     2
     2
     2
     2
     2
     2
     2
     2
     2
     2
     2
     2
     2
      4
     4
     4
     4
     4
     4
     4
     4
     4
     4
     4
     4
     4
     4
     4
     4
     4
     4
     4
     4
     4
     4
     4
     4
     4
     4
     4
     4
     4
     4
     4
     4
     4
     4
     4
     4
prims
 2.639472
     2.644545
     2.639121
     2.701283
     2.638397
     2.742454
     2.603125
     2.589977
     2.672385
     2.619045
     2.587525
     1.888411
     2.537517
     1.888170
     2.517777
     2.007529
     2.009716
     2.095380
     2.107302
     2.092759
     2.124313
     2.068186
     2.078431
     2.103361
     2.101393
     2.065884
     2.115279
     2.084597
     2.105829
     2.059745
     2.116272
     2.075699
     2.083174
     2.103552
     2.084253
     2.076827
     2.099056
     2.066854
     2.148145
     2.069750
     2.098157
     2.100656
     2.066257
      .000000
      .000000
      .000000
      .000000
      .000000
      .000000
    -3.141593
    -3.141593
      .000000
    -3.141593
      .000000
    -3.141593
    -3.141593
      .000000
    -3.141593
      .000000
      .000000
      .000000
    -3.141593
    -3.141593
    -3.141593
    -3.141593
      .000000
    -3.141593
    -3.141593
      .000000
      .000000
    -3.141593
    -3.141593
      .000000
      .000000
    -3.141593
    -3.141593
    -3.141593
    -3.141593
      .000000
primindx
         2,    1,0,0
         3,    2,0,0
         4,    3,0,0
         5,    4,0,0
         6,    1,0,0
         6,    5,0,0
         7,    5,0,0
         8,    7,0,0
         9,    8,0,0
        10,    4,0,0
        10,    9,0,0
        11 ,   1,0,0
        12 ,   2,0,0
        13 ,   3,0,0
        14 ,   6,0,0
        15,    8,0,0
        16,    9,0,0
         3,    2,    1,0
         4,    3,    2,0
         5,    4,    3,0
         2,    1,    6,0
         1,    6,    5,0
         6,    5,    4,0
         7,    5,    4,0
         6,    5,    7,0
         8,    7,    5,0
         9,    8,    7,0
        10,    4,    3,0
         5,    4,   10,0
         4,   10,    9,0
        10,    9,    8,0
         2,    1,   11,0
         6,    1,   11,0
        12,    2,    1,0
         3,    2,   12,0
        13,    3,    2,0
         4,    3,   13,0
        14,    6,    1,0
        14,    6,    5,0
        15,    8,    7,0
         9,    8,   15,0
        16,    9,    8,0
        10,    9,   16,0
         4,    3,    2,    1
         5,    4,    3,    2
         3,    2,    1,    6
         5,    6,    1,    2
         1,    6,    5,    4
         6,    5,    4,    3
         7,    5,    4,    3
         1,    6,    5,    7
         8,    7,    5,    4
         8,    7,    5,    6
         9,    8,    7,    5
        10,    4,    3,    2
         6,    5,    4,   10
         7,    5,    4,   10
         9,   10,    4,    3
         9,   10,    4,    5
         4,   10,    9,    8
        10,    9,    8,    7
         3,    2,    1,   11
         5,    6,    1,   11
         4,    3,    2,   12
        12,    2,    1,    6
        12,    2,    1,   11
        13,    3,    2,    1
         5,    4,    3,   13
        10,    4,    3,   13
        13,    3,    2,   12
        14,    6,    1,    2
        14,    6,    5,    4
        14,    6,    5,    7
        14,    6,    1,   11
        15,    8,    7,    5
        10,    9,    8,   15
        16,    9,    8,    7
         4,   10,    9,   16
        16,    9,    8,   15

