*****Test input for HD ******
  n THE NUMBER OF PSEUDO PARTICLES
  3 
  nb THE NUMBER OF BASIS FUNCTIONS
  448
  wev WHICH EIGENVALUE
  1
  x THE INITIAL GUESS FOR THE EXPONENTS
     -1.992832268095842     
   1.4045482532487987E-003
   7.4434643179357857E-002
  -0.3244059195184086     
  -1.3359292724329249E-002
   0.3910967938999027     
   -2.173100484231974     
   1.9548200378450079E-002
   0.1328130777567623     
  -0.7648512054992200     
  -1.0785464345307005E-002
   0.5493393414151853     
   -3.050684181008164     
    1.686221486381167     
   2.3681677268081430E-002
   -1.479742124877444     
   4.4217813206781940E-002
    2.207165273565981     
   -2.357718727969441     
   0.1879490839315301     
   0.1950726679750054     
  -0.7224627684094971     
   0.1043942311779346     
   4.8793315118168631E-002
   -2.386691901632660     
   0.3875804520601984     
   0.1247258078649384     
  -0.8725748456332270     
   4.3083910653689994E-002
   0.5391663569762976     
   -2.238361238580843     
   0.3114860120902254     
   2.6617727641940297E-002
  -0.7727670913057130     
   1.8358957091992125E-003
   0.6686745303148380     
   -2.139117335437267     
  -3.3793801377114694E-003
   1.0266925148627126E-003
  -0.8946361843517537     
  -4.5409404857141608E-002
   0.7736159416101687     
   -2.191475867741854     
   5.1367434260653641E-002
  -2.3997548894284231E-002
   -3.412089716071816     
  -9.5552887879375534E-002
    2.297432678464817     
   -2.502665335667004     
   0.1963953193326231     
   2.2660563819624967E-002
   -1.083148228003743     
  -9.9573892965760229E-003
   0.4545071481402425     
   -2.299126756932831     
   0.1061622947779367     
   2.5045195950065425E-002
  -0.5044049438988294     
   3.0035139519711835E-003
   0.8726773356704681     
   -2.786067020337080     
   0.2335270688051201     
   0.6168976216693148     
   -1.340889131114863     
   0.9755333212371322     
    1.293763592812485     
   -2.981959481794369     
   2.6033698214607152E-002
    1.197611262933361     
   -33.91265682076730     
  -2.1255444146340789E-003
    1.467847761948327     
   -2.834705145711197     
   7.2500685360704795E-002
   0.1099342580701984     
   -1.022297302838681     
   0.1202420937616176     
   0.7286757948632646     
   -2.339540568532218     
   1.3031274910993266E-002
   1.8019106790847513E-002
   -1.140960463119382     
  -1.2154629837256027E-002
   0.5388434600596711     
   -3.935986134305039     
    2.836406183983594     
   0.1078278980807293     
   -1.775875782339830     
   0.1699650179947599     
   2.6307074845541525E-002
   -2.338304125190431     
  -4.1057275476557593E-003
   4.7128479432737395E-002
  -0.4245729994577763     
   4.3011553193546938E-003
    4.306525503877961     
   -2.528136871890971     
   6.9807367313950278E-002
  -1.6689244526244089E-002
  -0.6234226230464458     
  -1.3635129854979342E-003
   0.5479133210181534     
   -2.522738224237462     
   5.6848367102793288E-003
   0.1095583952713328     
   -1.514247613213952     
   3.2358989806349670E-003
   0.5122382306297563     
   -2.730142778613696     
   0.3753447956595578     
   0.1201471812394311     
   -1.686657877389991     
    1.019426986116496     
    2.061006586955962     
   -2.445927844738475     
   5.8449396247510346E-002
   3.8085339950738682E-003
   -5.974748680175221     
  -5.3474746375865748E-004
   0.2617780595852590     
   -2.221111604070147     
   0.2212136228147250     
  -4.5098521003620579E-002
  -0.5406055221341924     
   0.2535691181006684     
    1.687112031853617     
   -2.556215420027882     
   0.2720900877598855     
   2.1360157639808936E-002
  -0.7525529523201867     
   3.4730010059148305E-004
   0.7009632794348685     
   -2.413821277144179     
   5.8225594434943885E-002
  -1.3395361246078855E-002
   -4.166187317813620     
    3.691433856202443     
    4.090514463104064     
   -2.519216496918421     
   3.4627599890944695E-002
   0.1336466467814479     
   -190.5393784905713     
  -4.9304878025480971E-004
   0.8055862307176465     
   -2.572932382838320     
   3.8168916490043815E-002
   8.2139006528332101E-002
  -0.6589770795404580     
   0.4914218212527197     
   0.6032345546763460     
   -3.331635956995116     
   2.9334836085540446E-002
    1.099071600692951     
  -0.6750110578261739     
  -2.6887751980522377E-002
    1.649185564454609     
   -3.717881396289673     
  -8.3222813454172040E-002
   0.5801709914974197     
   -3.135969805350878     
  -4.8872723019406525E-002
    1.401728508353629     
   -2.358074658763287     
   9.7333878921419185E-004
  -5.8414668261135795E-003
  -0.7911582714291029     
   2.9229574636018994E-003
   0.5039681572379717     
   -2.702301496998563     
   0.1906798341487893     
   7.5035839347545805E-002
   -1.699021125857862     
    1.326226550988574     
    1.000349771687897     
   -2.687170876108601     
   1.3189161602077981E-002
  -4.9290411428181188E-003
   -1.404661293268338     
  -8.5498895377631570E-002
   0.8753171233982339     
   -2.548263041529132     
   1.7867172591301932E-002
   1.5116680991362317E-002
  -0.7146956186693337     
  -1.8966221359571989E-002
   0.4307901246315116     
   -2.515737946045666     
   2.0521474007364250E-002
   2.6616118816943975E-002
  -0.7161985736185027     
  -2.6852403735398737E-003
   0.2908835851712536     
   -2.154079399468264     
   4.3669496868107061E-002
   8.1683125646362001E-002
   -7.935860593558843     
    7.885825775616651     
    1.123091075051728     
   -2.328865627745734     
   0.1023583733211653     
   2.7969543478162402E-002
  -0.6329418555911057     
  -2.1139878018389513E-002
   0.5209843495643088     
   -2.252269257228599     
   0.1087752433059234     
   6.6310596221540813E-002
  -0.5021057596639381     
  -6.0026215037945032E-003
   0.3759843223895810     
   -2.572021846772758     
   0.1655707137884305     
   3.1717982467195788E-003
  -0.8358187234564585     
   2.6899498881508047E-003
   0.3070770161685022     
   -2.423453553683110     
   0.2978772325933902     
   2.7202906250693867E-002
  -0.9573185098905106     
  -6.0808887042141803E-002
    1.935414554782647     
   -2.553209866380519     
   5.3173771831265267E-002
  -3.9947553087942124E-003
  -0.8057661518299530     
   0.1013270099356109     
    3.033246556180452     
   -12.76450508187624     
    12.32528871233057     
   1.4958493044315254E-003
   -2.342009293560187     
   2.6875217283942195E-003
   0.3309291269178695     
   -2.359158354850948     
   0.1888804509976720     
   3.6506179387939944E-002
   -1.188402053550936     
  -1.7328326672523102E-003
   0.3181004735387079     
   -2.329309477027611     
   0.1038245092974902     
   6.8063566511610196E-003
   -1.162244682704942     
  -9.8752915565419819E-002
    1.303552408821130     
   -2.279161458235316     
   0.1319023377142741     
   1.8448746994866819E-002
  -0.5943244382611228     
  -4.2503727625450138E-003
   0.5428801800912614     
   -2.365181578897103     
   0.3878987871388254     
   6.9692282626312877E-004
  -0.8590325190113268     
   1.3581612955091910E-003
   0.2876807764378966     
   -2.196456296451357     
   3.0807644042064965E-002
   2.8360016486892736E-002
   -1.734502761034622     
  -7.8179708803356868E-003
   0.4477235547071626     
   -2.423997753678465     
   0.9723063575659715     
  -0.9077949351795176     
   -37.01939701046476     
    36.97667206812167     
    1.064481202185544     
   -2.459078220942323     
  -6.1664845916075363E-003
   0.8536830701899757     
   -12.19457716535682     
   3.0667823196396217E-003
    1.157642957936706     
   -2.523671098232795     
   0.2432609277703350     
   7.4365659095529127E-002
  -0.8863484064167165     
   0.1183270878683277     
   0.6401475422363692     
   -6.187419150558832     
    5.390122637045304     
   3.4616143206665177E-003
   -2.114936910800230     
   1.1029464782933438E-002
    1.043884785638532     
   -2.334846902596339     
   0.2178771059165910     
   0.1334480910311896     
   -4.171038760670242     
    4.043482082199635     
   0.9837271048686119     
   -4.729035201481079     
    3.764016903036973     
  -2.5955064739420601E-003
   -1.931146718424833     
  -5.3495212572454405E-003
    1.445793564278053     
   -3.586356866301051     
    2.293751561652638     
  -1.8173081118035367E-004
   -1.729087302143911     
   3.2201190309924812E-003
   0.9164583600073668     
   -2.212926680598297     
   7.3289999369971146E-002
   0.1168558882885660     
  -0.6084854657936839     
   0.1383956215503614     
   0.5536397038345855     
   -15.52862374949368     
    15.22327568358779     
   2.6723106574790500E-002
   -2.174098465277957     
   0.1625263477716785     
   0.5923607800365628     
   -2.304408243405469     
   0.1365479876316040     
  -6.4130718051799559E-003
   -1.599070601731892     
  -1.9281015058230367E-003
   0.5510944176255733     
   -2.095044765857017     
   0.5947607401333886     
   2.6286059679806691E-002
   1.5419126766305812E-002
  -3.5511467013100748E-002
    86.66928582739062     
   -2.707982860031753     
   0.7846716588742562     
   0.3168115806533239     
   -1.189438356737393     
   0.1557223151405383     
   0.8398387558977883     
   -3.593719160169297     
    2.358608394036538     
   2.5461529033533995E-002
   -1.725215624262303     
   2.3522828887014739E-002
   0.5410793824837024     
   -2.033833170256928     
   4.5187439415104683E-002
   2.7016807304570188E-003
   -8.909975008732772     
  -2.8300488745460969E-003
   0.4252230008397417     
   -2.257475664897627     
   0.3922250369648844     
   6.7441926803868943E-002
   -3.747300391917000     
  -1.1932238745138619E-002
   0.3685634587282098     
   -18.11604647727305     
    17.55192416354253     
   0.3165379817959204     
   -2.862637698492241     
    1.372130004723551     
    1.440223248318537     
   -36.45171728191039     
    36.34685854362146     
  -1.7304551478808214E-003
   -1.959506235849922     
  -6.7761515096010317E-003
   0.8037353323812612     
   -6.974642387811453     
    6.365886342622572     
  -5.7810918100322925E-003
   -1.981513089285450     
   3.3409191109082921E-002
    7.890111794031395     
   -2.356446518857430     
   0.3173714633808771     
  -6.2505224712586543E-002
  -0.8395345362749911     
  -1.1985316099839135E-002
    2.135441197831788     
   -1.986187465852107     
   3.9403647997044058E-002
   1.6167980798485388E-003
   -14.66394153553209     
   6.0683624038624317E-004
   0.2917627009888019     
    1.938022190189233     
  -0.1998628475378517     
  -8.4403996424441737E-003
   0.5755716908902734     
   3.1725285331173111E-003
   0.4170559251939082     
    2.226391461576342     
  -0.1542486515483395     
  -0.4890028739672418     
   0.5721095866014488     
  -8.4027475388023479E-002
   0.9278840147487178     
    2.086345332144515     
  -2.6841750288512959E-003
  -0.4022662373312981     
    1.202278209070484     
   1.6235382378722716E-002
   0.8463188507292040     
    2.069562689333886     
  -3.6431954221015146E-002
   0.2164071620062534     
   0.7456285319966349     
  -4.1395095495855419E-002
   5.2807898543422910E-002
    1.945906257499329     
  -1.6194216176532061E-002
  -0.1509265376585916     
   0.8817418009868507     
   1.2062382782270890E-003
   0.5006739453628720     
    2.398033303547899     
  -0.9041835102411141     
  -4.4611696011698898E-002
    2.476379432910948     
  -3.3609348385397322E-002
   0.4588816625269034     
    2.263612056651354     
  -0.7017535557560027     
  -7.9784724094109586E-003
    1.043673505699009     
   4.9742971726199330E-003
   0.4982524594344515     
    6.164952469673995     
   -5.070881456084090     
  -0.4860907902771721     
    2.205689735522816     
  -0.7821485503330893     
    1.206467283845461     
    1.897414710989402     
  -0.2767019345801308     
   7.8537705297638712E-003
   0.6402858256041655     
  -5.0881118554613110E-005
   0.3509382517620023     
    2.121772240982136     
  -0.2717813019423109     
  -0.1681271728608481     
    1.050869854160440     
  -0.4831929437623761     
   0.7371457328524806     
    1.819783488781945     
   2.6202251400041732E-002
  -7.7885555307541446E-002
    2.559195108683298     
   -2.200834982199304     
    1.033658140234956     
    17.25773930504504     
   -17.06152916873933     
   6.9877791536510330E-004
    1.810370650292018     
  -2.0036582214189243E-002
    3.482385892749303     
    3.263892782953475     
   -2.070106961427633     
  -0.2081002622392106     
    1.720281277455885     
  -0.5033576396362882     
   0.9855583168032040     
    2.016472258650423     
  -0.3498706300636677     
  -2.7032020947165548E-002
    1.009313541663124     
   4.0645993047969120E-002
   0.7312316808606988     
    1.907603565225033     
  -6.0030260138677662E-002
  -1.2815698276328337E-002
    6.208722467095786     
   8.8636156895105858E-005
   0.6540969651106003     
    3.423638333925355     
  -3.9174231741760698E-002
   -2.252875502159064     
   0.4135375677046693     
  -7.4718772022314459E-002
    1.761301535323271     
    1.595329257480664     
   2.1153783389274701E-003
  -4.2129503512006311E-002
   0.4032720709854394     
   1.2772773684994212E-002
   0.5168190242167766     
    2.166197795591646     
  -0.7430137113220595     
  -5.1173692956843507E-002
    1.009608252478653     
  -1.8639506882015829E-002
   0.3565580919230388     
    2.810669701843702     
  -0.6596421033272670     
  -0.8491358225635489     
    5.609688527377829     
   -5.465293019630648     
    1.365157533891191     
    1.893709686821461     
  -0.2362649063302415     
  -1.1020274321755651E-003
    1.580614151703894     
  -3.2155046902588906E-002
   0.6008415094826334     
    1.825552100528873     
  -7.9729213677225214E-002
  -0.5121317072019624     
    2.457090477421384     
   -1.732225080414561     
    1.990583672180086     
    1.624765355478070     
  -4.2681211567502257E-002
  -4.4303417286352877E-002
    1.037514161848540     
   6.9260577666035050E-002
   0.9939118361684410     
    2.703674844323216     
  -0.8952030588444896     
  -0.9265819469621447     
    3.118269253268136     
   -2.826255140963884     
    1.452159073098537     
    68.06098692375896     
   -68.01856631720844     
  -3.0558154376904038E-003
    1.717125244790909     
  -0.1313352413185284     
   0.4608934597094985     
    2.136179395186329     
  -0.1068412952597314     
  -0.3419603754992257     
    2.050394511184782     
   -1.904231819963675     
   0.9215272320625709     
    2.368575643167036     
  -0.5622848686426085     
   3.9075432129555089E-002
    1.261323759467745     
   0.2444735268568582     
    3.337341534235355     
    8.182381436995019     
   -7.740225144138082     
  -1.7704629972406974E-002
    2.176082492232866     
  -4.6891456893619114E-002
   0.4690469092349621     
    1.963840693840530     
  -7.0129203096873108E-002
  -0.2030913949637006     
   0.4627432891338795     
  -6.8294515705092122E-003
   0.6061570021837687     
    2.319481647037986     
   7.5440764527911607E-003
  -9.4478400381796793E-002
   0.8872444812769884     
  -0.4819993303969017     
   0.8985916109626514     
    5.063451816256302     
   -4.103734953908837     
   5.0584381472865083E-004
    1.983023394953986     
  -2.1168750233193878E-002
   0.8273799541784659     
    1.979238971303177     
  -5.7958994296365340E-003
  -8.4747568292769818E-002
   0.4738580655955946     
  -1.0316492683427660E-002
   0.7841970519175565     
    2.030185390239537     
  -0.3249397984512788     
  -3.0333385298435488E-003
   0.7311659369127618     
  -1.5606342761361783E-002
    1.079628365583488     
    2.131817883939538     
  -6.1769068400040960E-003
  -0.1528426655360254     
    10.71549418210454     
   -10.19188839172847     
    3.909299825801751     
    3.365010418174355     
   -1.985485370241330     
  -4.6290961924895173E-002
    1.717379896900010     
  -4.8975101275438721E-002
   0.4058564647830621     
    2.051924141003301     
  -0.1023290663457852     
  -3.0612575222545530E-002
   0.4764084912931311     
  -1.3238221881996999E-002
   0.3321677488994856     
    1.973490989511051     
  -0.1305681022736845     
  -3.3202784730309860E-002
   0.4800095732015085     
   6.0718197953917750E-003
   0.5081311318137511     
    3.068440532329631     
   8.7998379507746583E-003
   -1.046685434718320     
    1.079260562348036     
  -4.5526272424819103E-002
    1.452229284615719     
    4.962870285676609     
   4.3594134391160165E-003
   -4.184492095517404     
   0.6111070130773291     
   9.7338590968949357E-003
    1.812580995425577     
    2.004207958047999     
  -1.6368004803382959E-002
  -7.1220084433353537E-002
    7.616457536500613     
  -1.8789309512078167E-003
   0.3725198302487641     
    3.164450774362579     
   -1.832063338611619     
   9.7617805723500487E-003
    1.595002881388361     
   6.3538846462183392E-004
   0.4997718565808517     
    3.262810695986636     
   -1.239829437917711     
  -0.8968070729880409     
    1.505332907227447     
  -0.6139154240858768     
    1.315315495749271     
    2.084666045486248     
   1.0013626891798631E-002
  -1.8500306970255193E-002
   0.4860102481119808     
  -3.7208833211682370E-002
   0.3544136964576387     
    2.172924885312934     
  -7.8872770945609558E-002
   8.7630784182194256E-004
   0.5377459963036377     
   8.3037206538711019E-003
   0.3525683832068020     
    2.976276715104259     
  -0.4775318761736672     
  -0.8921741105963207     
    1.585525406009921     
  -0.2425699115702371     
    1.283989724260567     
    2.147218475624296     
   0.1888980948002764     
  -0.4012764574440608     
    14.86760342008674     
   -14.88891918766493     
   0.6498162692168977     
    21.62517548772444     
   -21.44472469060187     
  -2.0019923690627961E-003
    2.003796949910845     
  -2.0853814677153335E-002
   0.4532282806311557     
    2.221905406054669     
  -6.1725984794452592E-002
  -2.7208618069642115E-002
    2.866305314433142     
   -1.293396421660667     
    1.916581407772555     
    3.008975790828424     
  -2.4622143302257680E-002
   -1.330482411248434     
    3.062914630683183     
   4.0320884647260776E-003
    1.503656165186830     
    2.448391219523040     
  -0.1400198214618586     
  -0.1605489515117242     
    6.720330408801704     
   -6.307755669371364     
    1.698318606847895     
    2.311379895546838     
  -6.5460833259897266E-002
  -6.1357967915117551E-002
    2.413801263566452     
  -0.1592568890087933     
   0.7484222670863689     
    2.123035061568297     
   2.8293953115315993E-003
  -0.2142258305137091     
    1.913074015585386     
   4.0561019336937051E-003
   0.6344083160620553     
    2.126546286321510     
  -7.2615094667196983E-002
  -4.7344766052705510E-002
   0.7794298274986196     
  -0.5340121097921707     
   0.5195406855550248     
    2.244485526105809     
  -4.1045058518535051E-002
  -1.4670362037808794E-003
    7.598530306965795     
   0.6466784136840494     
    3.804074222112656     
    2.191823777839894     
   1.3586593622173987E-002
  -1.0548532512564277E-002
    1.667799311055825     
   1.1008372801500827E-004
   0.2742557502985999     
    45.26768061276079     
  -1.0117362981846316E-003
   -45.16028750022493     
   0.2990238479253228     
  -0.1793740423081366     
    2.220790578085739     
    2.155914958061709     
  -8.4556717818998536E-003
  -2.6062034394495212E-002
   0.5737901778095719     
  -5.6798404649970706E-003
   0.5612571515537793     
    2.250380137487492     
  -9.6981663910966839E-002
   3.8768463476828094E-003
    15.43199585214681     
   3.8322037245636710E-003
   0.7050312799307239     
    5.452303864472056     
   -4.582881543920808     
  -1.3874416464328590E-002
    2.010019099016416     
  -3.5426584974187249E-002
   0.2914669423333295     
    2.625544603245791     
  -0.8453480866602267     
   6.4219109898052611E-004
    1.251717400638006     
  -5.8154837785198037E-004
   0.4014597054792574     
    2.260414506314187     
  -8.9874325527457541E-002
  -6.6940066601063150E-002
    20.80567762915804     
  -2.2350606109580711E-003
   0.4483329988565652     
    2.472185162144056     
  -5.0759689220855692E-002
   5.6748823342525762E-003
    25.35101862513106     
  -5.0677888871499953E-004
   0.4226027489171837     
    3.334653998859071     
  -3.7734907380253299E-002
   -1.279364840668082     
    7.812670557293248     
   2.5919830095516325E-002
    1.673376633008516     
    4.512447423607898     
  -1.8754786289698774E-002
   -3.116773373643956     
   0.7734826540373798     
  -1.0019363221834984E-002
    2.104694126846261     
    6.016352520273985     
   -5.150148413489199     
  -2.1521976075352970E-003
    2.180234624546841     
  -2.4564699164307473E-002
    1.115004875155323     
    1.997514315976847     
  -3.2152392428927118E-002
  -5.4249829512167565E-002
   0.2436513867153025     
   1.9808244642156761E-002
   0.3545628112291516     
    2.323862718040172     
  -3.2511182189527664E-002
  -0.4303801803958692     
   0.4604494792328011     
  -1.4403132897498085E-002
   0.9021456398800183     
    2.603107679800263     
  -2.4711879314901701E-002
  -0.7221566853017832     
    2.123736446931339     
  -1.1334156311415360E-002
    1.175879304860206     
    2.069738864022574     
  -3.6424108020241014E-002
   0.2161390517415588     
   0.7456208587711612     
  -4.1421336245219272E-002
   5.3855938342096753E-002
    2.278749901156022     
  -4.2766916067106718E-002
  -0.1530795067481259     
    1.241337566723361     
   1.9913116898282873E-002
   0.6670353791300756     
    2.294160704353481     
  -0.2531897123272089     
  -0.1767518882672167     
   0.7290728031902669     
   3.1937843584530453E-003
   0.7900793711682554     
    2.627241129588193     
  -0.3132639573623632     
  -0.3390728495424191     
    1.195680628886372     
  -2.1530599266535475E-002
   0.8811358257181796     
    4.289736847205263     
   -2.356124718187655     
  -0.7441387143895790     
    2.035292061289188     
  -0.6518170655372116     
    1.478526478061334     
    2.334489344036615     
  -0.2497738074024175     
  -5.4772051638458011E-002
   0.8492932488906203     
  -1.8276506633462499E-002
   0.3722389092993890     
    2.545062561584138     
   5.9324686328644559E-003
  -0.4847483553220390     
   0.6529069093395485     
   2.5198673442741321E-002
    1.084989236567149     
    2.087540901077836     
  -6.1384508048244940E-002
  -2.8176584301022364E-002
    1.489082587470057     
   -1.008586005197519     
    1.679404082579519     
    33.64751196797102     
   -33.46056971536915     
  -1.4041432665290799E-002
    2.499799966971257     
  -0.1272154521397255     
   0.8522831172185877     
    3.154914241253953     
  -0.2932814053987922     
  -4.7806786109799895E-002
   0.9295311264164260     
   2.4893270394406145E-002
   0.4998740012299367     
    2.863455736571999     
  -0.9521170966186543     
  -4.3270370040105588E-002
    1.390102589140743     
  -4.2259670492019175E-002
   0.4772882754349858     
    2.303728456987566     
  -7.4320754202027370E-002
  -3.8341118952651257E-002
    2.099339323341083     
   1.5680831889836877E-003
   0.2834198571106664     
    4.209939906345280     
  -2.7643838476812560E-003
   -2.948400393189131     
   0.3757611431224047     
  -4.3507433552890863E-002
    1.929502937181724     
    2.519377588482235     
  -0.1335417344493429     
  -0.1132471076867176     
   0.5648716331347658     
  -7.8746705521840522E-003
   0.6465323150250238     
    2.450670913822094     
  -0.2376021999292559     
  -0.1232068517402441     
    1.515725901516456     
   1.9160373339500842E-003
   0.5411210327680435     
    2.498904227104771     
  -0.1104814142244663     
  -0.4955286280405091     
   0.8640890233960017     
  -0.4457593865042354     
    1.082784514959940     
    6.380396049561179     
   -5.436575334451090     
  -1.1230206059253052E-002
    2.274336112978802     
  -4.6443351837328270E-003
   0.5003151085651334     
    3.138262098586792     
  -0.1853924993629878     
   -1.141147329404636     
   0.6490079973545630     
  -0.2819207621460721     
    1.570246343406011     
    2.347115773498432     
  -3.3147641492788781E-002
   2.0144192112281781E-003
   0.6090047347837366     
   5.7364063466816889E-003
   0.2683237556400600     
    4.226829499238431     
  -0.4687041447215171     
   -2.330842025162913     
    4.978779798204857     
   -4.755601163581586     
    2.425220339326168     
    190.5540449111477     
   -190.5277822646636     
   7.2518760731982599E-003
    2.534743111648225     
   0.1682432039843622     
   0.5768438766524358     
    2.526475682262481     
  -0.1664324492928912     
  -0.2541794758357455     
    1.415559980036496     
  -0.8223536881360339     
    1.010865722893587     
    2.543559922936744     
  -5.7522141654966282E-002
  -3.5157319937299579E-003
   0.3857298606938969     
   7.2373596696177567E-003
    1.563055352839272     
    9.887831474181002     
   -8.822155747220108     
  -0.3726526384404680     
    2.856519936671894     
  -0.6354774526323942     
    1.340358967174306     
    2.574437204532465     
  -2.2454867529993609E-003
  -8.6875992268777000E-002
   0.6128329456301551     
   2.0696575567555955E-003
   0.4706202634202437     
    2.498907224315869     
  -1.3984867490181283E-002
  -3.1323133223133785E-002
   0.9466229088797347     
  -0.2846258452632489     
   0.7362941711672066     
    3.350680083902503     
  -0.8213495408096178     
  -0.2313764435188578     
    1.449961035976824     
  -8.5838433627796223E-002
    1.011553558416208     
    2.515233390636392     
  -2.5994086394761005E-002
  -2.0278311209564904E-002
   0.5231272605266954     
   4.0004097472926228E-002
   0.4384871397676625     
    2.393138782734235     
  -4.0597510219412764E-003
  -6.0195857242932853E-002
   0.2878326530498075     
  -1.8619825066142990E-003
   0.4208060255477155     
    2.614961488925148     
  -0.1807615685720704     
  -7.6281091119433403E-002
    8.549023310760727     
   -8.477184147859447     
   0.9502346096916848     
    2.257938008010027     
  -6.1307761222961978E-002
   2.3005959196225344E-002
   0.6362125153736500     
  -2.8036987448464796E-002
   0.5901233357573595     
    2.187836660735094     
  -7.2476113081590646E-002
  -3.5754111402014302E-002
   0.7730343885014714     
   6.1843226604849327E-004
   0.2845845053050709     
    2.550146045790763     
  -0.2816182166816109     
   1.1719261261212807E-003
   0.8611721311995550     
  -4.0282285657187609E-003
   0.4127336448723291     
    2.574623693604543     
  -2.7921608183566697E-002
  -0.1593698351481971     
   0.6817948834518438     
   5.5290851712021000E-002
   0.8994743409217274     
    5.082376441337993     
  -0.2459457336030906     
   -3.654041280071334     
   0.9369187209793509     
  -0.6667691044703553     
    2.104370844439432     
    2.561885851755209     
  -6.2619742957836289E-002
  -0.1036323849573516     
    11.48174471424952     
   1.7200054845870046E-003
   0.5503352651578677     
    2.757101297468634     
  -0.5931519015177864     
  -3.3877059931962973E-002
    1.632189518719508     
  -1.3522664135918860E-002
   0.2793242678922613     
    2.574154494570230     
  -3.7589437313745623E-002
  -0.4002683246745450     
    1.372532130415175     
  -5.8357625018474729E-003
   0.9488377862031284     
    2.289650396069834     
  -8.9016227946875587E-004
  -2.6861897522404983E-002
   0.4223159790931847     
   8.3892870270706483E-003
   0.3869717244050598     
    2.486704878521973     
  -0.5987162002813660     
  -5.0660141845554119E-002
    1.074517711460114     
  -2.0155914002549517E-002
   0.3448773574443149     
    3.177396229573112     
   -1.318724921016309     
  -0.1631567912956252     
    1.565812408845024     
  -7.2205578292502043E-002
   0.6879490698631071     
    2.402681001964526     
   0.4609605835122108     
  -0.6677075315383295     
    37.05388548144574     
   -37.06183998612226     
    2.287633227542703     
    13.08313978974679     
   -12.65971464900140     
  -7.4946360023742647E-003
    2.327292610715545     
  -1.9224955117896677E-002
    1.317751698000549     
    2.485412091900915     
  -6.9004157759012114E-002
  -0.1170701327391474     
    1.323950507780950     
  -0.4217890059828183     
   0.9409568311449590     
    2.376825653931717     
   1.0029002813983286E-002
  -0.2244530074991901     
    5.083085637906869     
   2.4829893287553074E-002
   0.9070994639128777     
    2.080480947903333     
  -5.6032716559344248E-002
  -1.4073148980371554E-002
    5.294055587336559     
   -5.249694571138903     
   0.6673381872792319     
    2.233702663999952     
   4.4250142859894098E-003
  -0.6614809749837551     
    3.253328011919784     
   1.2529484209336693E-002
    1.012663069896109     
    1.971054611067790     
  -3.4981834321926204E-003
  -7.3579563165047754E-002
    3.063222217457903     
  -3.2731972922380313E-003
   0.3518356535417929     
    2.144209952579640     
  -3.8917990484065863E-002
  -3.6223414609891133E-002
   0.4509295173568870     
  -0.1765014491492603     
   0.7675633293456754     
    2.156014277887659     
  -2.3842998416385222E-002
  -1.0037965502045828E-002
    9.504327592481909     
   3.0501309332817057E-003
   0.9178849988079593     
    2.366592361729059     
  -0.2367743832354446     
  -0.1247216489242196     
    1.552456125100658     
  -3.0605541920573413E-002
   0.5333365786881703     
    86.68881811616023     
   1.1931753218583803E-003
   -86.63575220530285     
    1.124033866694827     
   1.0573221069659834E-002
    2.159056170690086     
    2.059441441747726     
  -7.0000446444731003E-003
  -5.2404554963515752E-002
    1.162306063926938     
   1.9999924263919403E-003
   0.3325677448491302     
    2.017288139299982     
  -1.4246033292896811E-002
  -2.5163359259149877E-003
    3.675629261934878     
   1.5737315601207020E-002
   0.5436158780033953     
    8.419696294534770     
   -7.989917540394764     
  -3.8386885503410473E-003
    1.841998964474359     
  -7.5524058029708390E-003
   0.2329877946501429     
    3.354805741220518     
   -1.976622135262276     
  -2.9878310680150608E-002
    1.903411360347081     
   1.4571458526668610E-002
    1.004748964194018     
    2.090419681043875     
  -8.7709533226229347E-002
  -1.5362058477037095E-002
    17.93015660669760     
   1.5237606769631921E-002
   0.9689367425026653     
    2.078872247037047     
  -3.5596489019812438E-002
   2.7042803544990453E-002
    36.35473643786932     
  -7.2333568907804752E-004
   0.7401438013029498     
    3.134203129829586     
   8.7645996242009697E-004
   -2.054998269670134     
    4.971136421136272     
   1.3855178417172832E-002
    1.507896953974481     
    3.405035053658075     
  -0.1219032478633239     
   -2.038048120072891     
   0.6245673823622673     
  -0.4304374859247202     
    1.736686052324458     
    15.14981133419783     
   -14.94004137463400     
   1.7923314260169873E-004
    1.794315709954368     
   3.9682929737843839E-003
   0.5845582690834324     
    1.911901387135241     
  -1.1426533863104617E-004
  -7.7144962560120295E-002
   0.7413117832404483     
   8.8720373450660601E-003
   0.6071681270487024     
    1.901112519780775     
  -7.2805437378743204E-002
  -5.9584883455157901E-003
   0.3930310804425425     
  -4.0097396554020113E-003
   0.7899184692575792     
    2.474369904151679     
   -1.028788347960454     
  -1.4558997951314292E-002
    1.208306901217460     
   6.8153933622753312E-004
    1.257134856769835     
    2.357786004260759     
  -0.1879480745079738     
  -0.1952903961471102     
   0.7224712753453676     
  -0.1044386785786077     
   4.7838345150329940E-002
    2.141728206236572     
  -0.4762539884140036     
  -2.3176545469374980E-002
   0.9065891162472403     
   4.0283866424868338E-003
   0.7191574078774555     
    2.534220617021954     
   -1.126977423190920     
   4.1421270503463545E-003
    1.336818711055957     
   1.5264568849742031E-002
   0.9394738767225322     
    1.998270913402034     
  -4.7724344880934484E-003
  -0.2583455836401939     
   0.9305460164244240     
  -1.0821388228848657E-002
   0.6591848308582933     
    2.093429326488955     
  -0.2039763666993055     
   1.2363288477433078E-002
    4.378269325653865     
   0.1109196876897807     
    1.078215387185553     
    1.741240519634813     
  -1.6011056046762506E-002
  -5.7821704949022279E-002
   0.8485054250249157     
  -1.4522008492714832E-002
   0.3837116168199485     
    1.789932168452570     
  -3.0378246272909283E-002
  -5.5557475912070192E-002
   0.8786066945129776     
  -0.1185106740243318     
   0.5950933022732663     
    2.243164136031282     
  -0.4323312997531941     
  -0.1379450330181870     
    2.186429290769603     
   -1.910555802728428     
   0.8652969044007632     
    3.815254830127579     
  -1.0073470198721171E-002
   -2.094814591741302     
    16.99801385050817     
   7.5438710928533480E-003
    1.890160246167182     
    1.980435410816398     
  -0.1818582746347351     
   1.6737750994053242E-002
    4.426828923590185     
   0.1958939181364721     
    1.149311854436406     
    1.707365280992869     
  -7.1566228007858015E-002
   1.9933487456994310E-002
    1.692280017209119     
   6.0062101395628557E-003
   0.2185737341871040     
    8.125311007362946     
   -7.674061276354512     
  -1.6404108361062864E-002
    1.944977715153073     
  -8.4129462566442118E-002
   0.4951947332426236     
    1.808493287006967     
  -4.1850237275882296E-003
   2.6355209133045076E-002
   0.3718364626497290     
   4.1465702774340023E-002
    2.596897151843934     
    1.763664407614438     
  -7.0878423932992957E-002
  -0.1239060986309273     
   0.7734054761877339     
   1.3917464130739318E-002
   0.5695741860864928     
    1.619943288505011     
  -5.1439602667953006E-002
  -4.7300375951906767E-002
    1.069023314054843     
   6.3728139482047183E-002
   0.9730292980660028     
    2.785733640524247     
  -0.7483957949880063     
  -0.7887197165662770     
    5.681044854442854     
   -5.526931290837791     
    1.349617598860934     
    2.147131360332588     
  -0.6460164451812922     
  -0.2879586305215394     
    1.201379407637771     
  -0.1376125622057755     
   0.6917281125940675     
    1.735822650075247     
  -0.3622909126073610     
  -8.5164287573543038E-002
    2.807777385217539     
   -1.733871166608509     
    1.926782446604882     
    2.086988331332799     
  -0.7650076884696919     
  -4.1143351372839823E-002
    1.017610154601161     
  -1.5527282249533291E-002
   0.3500552632812132     
    1.577247073495772     
  -3.5218354147808190E-002
  -4.4357748212098105E-002
    2.934929137239538     
   -2.877308896594764     
   0.8498669409149375     
    1.704997470354449     
  -5.5374047189262553E-002
  -2.3063912140735728E-002
    68.19714968436361     
   9.0217694025514720E-003
    1.396682983377209     
    1.948856752152989     
  -6.9859694479449411E-002
   2.9897259216347703E-002
    2.775185813832731     
   -2.631659974594384     
    1.305547578379363     
    3.531038004845710     
  -0.2913000598623698     
   -2.211361893284094     
    1.009881657872653     
  -0.6075720534933641     
    1.591375529788256     
    2.420877905106783     
  -4.5395543629155349E-002
  -8.7175920050663637E-003
    5.935381054296540     
   1.1811410596416236E-003
   0.6594796790547002     
    2.143873817147008     
  -0.1719968882332221     
  -0.1225009396746894     
   0.5543073582237367     
  -3.0970424644758802E-002
   0.8095486054430775     
    2.044723054646683     
  -6.8468305237824961E-002
  -0.1441719701585701     
   0.9139587999554341     
  -0.3003762177936493     
   0.7068918352163434     
    2.240708126954756     
  -5.7441775862552722E-003
  -0.1480275008828865     
    2.390983881272860     
  -2.4475651602252676E-002
   0.5856403489095494     
    2.129300963916180     
  -6.4460312388266425E-002
  -0.3220051613740112     
   0.3902380632492143     
  -4.1536355895045569E-002
   0.7357237622019277     
    2.191691758738100     
  -0.1601852307217741     
  -0.3630096949431744     
   0.5969506458974612     
  -5.0377032912315989E-002
   0.9426527736017458     
    2.816356984645740     
   -1.359701529963578     
  -9.9936054386402462E-002
    14.87566447556543     
   -14.76586667638039     
    1.398962731877618     
    2.530956580635447     
  -2.7672813444952874E-002
  -8.0972895362776600E-003
    2.628705503968957     
  -7.5173367069218157E-004
   0.3109441213143446     
    2.100188865662021     
  -0.1482146642645601     
  -2.5373072524042667E-002
   0.6335730922916587     
   1.3259441585909836E-003
   0.3888118458274388     
    2.154938701890324     
  -0.1325467436072956     
  -0.2122678626940274     
   0.5194431619712825     
  -2.3706115887908864E-002
   0.6302316746642871     
    2.529857678570690     
  -0.2560698967388360     
  -7.2909249226674175E-002
   0.8602586684130473     
  -4.4863598571228389E-002
    1.196348700688513     
    1.999760436321021     
  -0.2678242347974770     
  -4.2587391047269718E-002
   0.1091626299551941     
   2.3435655744759577E-002
    4.928280920001072     
    8.966880847343084     
   -8.513567316148944     
  -6.6830139827626783E-003
    1.984269057875371     
  -1.3605456209209972E-002
   0.7665845070781810     
    2.032587671765886     
   5.5496148797329527E-003
  -6.0405958056715878E-002
    2.214624046740975     
   1.8793976500770335E-003
   0.3649585267847865     
    2.242620909613736     
   1.0022695015889718E-002
  -5.5755374833596640E-002
    1.380325264160065     
   8.6961122699998353E-002
    2.093343428293435     
    2.063356967797244     
  -0.1131983681268880     
  -2.6748830384107650E-002
   0.5030446586334377     
  -1.7383860828454039E-003
   0.3132660669441109     
    2.158114668922684     
  -0.1984788839608445     
  -2.4916814909956226E-003
   0.6223387390987956     
   7.3963433922594277E-004
   0.5345153614374912     
    2.577653713853179     
  -0.5565765567142970     
  -3.8336781203217554E-002
    1.963776780827937     
   7.5430961625256837E-002
   0.8252958625272623     
    2.315568321819688     
   6.0586335424867237E-002
  -0.3017886057948687     
    16.16326731642145     
   -16.06321855015777     
    1.394540485737274     
    2.387897922222792     
  -2.4277577146130869E-002
  -0.3308625726179931     
    20.66796346672196     
   1.6187045182663093E-003
   0.8504448179677246     
    4.570386861733503     
   -3.560321143027746     
  -2.0635302796607139E-002
    2.502060310639306     
  -0.9996729269640845     
    1.377394248079564     
    5.107618536039200     
   -4.172106215709579     
   1.5314442658145147E-002
    1.990315318075969     
  -1.2750040901538017E-002
    3.208279934588840     
    2.709370265375061     
  -3.2014615309469037E-002
  -0.5281037887425555     
    2.748781624628037     
   -2.535894517412876     
    1.413511058358474     
    2.775515280728342     
   -1.010390311326754     
  -1.0651380465355966E-002
    1.499136363328400     
  -0.2346235938918080     
    1.092017302661426     
    2.800199750614972     
  -0.9771827445225890     
   9.3953849687669379E-003
    1.344979114449685     
   1.3695967136538622E-003
   0.7013330768772770     
    2.311633387551386     
  -2.2089428976912066E-002
  -0.1209984378920003     
    2.615948100933765     
   -2.510986027549696     
   0.7911339610113237     
    7.263066100936541     
   -4.880583675753621     
   -1.619728196805069     
    3.010105691305749     
   -1.749477385788364     
    1.905136956599119     
    3.222571706465364     
   -1.651063992427710     
   0.1205817800751057     
    1.545375129411662     
   0.1125371672163741     
   0.1403360265293313     
    2.382745935660793     
  -4.2314597858310508E-002
  -3.4946056736086119E-002
   0.6043889766195281     
  -1.1874698878959101E-002
    45.82005185826772     
    2.228456813533848     
  -2.8424743880786998E-002
  -8.2836323405065804E-002
   0.5768818406642832     
   7.5596309173690032E-003
   0.4537894674198289     
    15.16562213770783     
   -14.91454587045795     
   6.8605620264291026E-004
    1.960288227988497     
   5.8769093802826999E-003
   0.5752422708513401     
    2.232142025768793     
   4.4973053263359611E-002
  -1.6843451107534553E-002
    3.330756719705458     
   3.5687934145625275E-004
   0.2185542884528127     
    2.528378697800278     
  -6.9760708543142133E-002
  -3.5938423004043353E-002
    1.294049948050382     
  -2.3492100310025244E-003
   0.3297914917949948     
    21.10667460853112     
   -20.91246140199454     
  -3.3324777272789995E-003
    2.052262983796837     
  -1.8657284523076891E-002
   0.4685892751322470     
    25.66901976988155     
   -25.46205108185319     
   8.9166647138946079E-003
    2.308119299017382     
   0.1189471703314990     
   0.2943868854454137     
    8.238839229862259     
   -7.583585333249227     
   1.3179759737304337E-002
    2.244761482862594     
   4.1003417010616813E-003
    2.173231019794102     
    2.422876087437773     
  -9.4542941553224097E-002
  -5.9969426302497818E-002
   0.4230989567581845     
  -8.7679071402450459E-002
    3.741230632179439     
    2.269917674410030     
  -7.7391969886161427E-002
  -9.0561273031085771E-002
    7.161534677149706     
  -0.1306281336423689     
   0.8229880855622894     
   -2.171079973497768     
   0.2371578831625168     
   2.3591327196336009E-003
  -0.6571244678547422     
  -3.4351069161824236E-003
   0.5111558658211390     
   -2.097084794450791     
  -3.0456203140960744E-003
   0.1063401383934052     
  -0.4900754490798786     
  -6.8281758708184865E-003
   0.5033732425665579     
   -1.829195219904703     
   0.1882644272683646     
   2.4966594230513874E-002
  -0.6209214501112181     
  -4.6523803340678613E-003
   0.5641883705700015     
   -2.128925914388906     
   0.2877176386959824     
  -1.2379916823161474E-002
  -0.7451690342829006     
   6.8854138071047111E-003
   0.6608885391642670     
   -2.314614978385533     
   0.1659910440132313     
   6.1405491737756668E-002
  -0.6806971553160713     
  -5.4999869736059668E-003
   0.3969428873935348     
   -2.284163994371927     
   4.3001132955329022E-002
   0.1095550604534689     
  -0.8107879054409182     
  -1.9972476121490043E-002
   0.5587428870971847     
   -2.167397358234262     
   0.3122013649742929     
   3.7447253686296943E-002
  -0.7720735017518925     
   9.0047711255798312E-003
   0.2751165223956331     
   -2.518941590477381     
   9.4596798514177419E-002
   1.6867247896941554E-002
   0.5049737422950217     
  -4.6185790744164412E-003
  -0.9927334390355853     
   -2.168872497304315     
   0.1223801359645954     
   0.1182311269339859     
  -0.5544115633164303     
   3.2696657082816993E-002
   0.5715841446157230     
   -2.180817272440164     
   0.1360101045966638     
   1.0197003210058560E-002
  -0.5257109269932884     
  -1.0020487115212532E-002
    1.154775555441761     
   -2.312531368246315     
   6.6806486207158003E-004
   1.9270489728257047E-002
  -0.7891130986752041     
  -5.7321119073351278E-003
   0.3763925939632011     
   -2.432855124880386     
   0.5892843756314147     
   7.3492336614350382E-002
   -1.041293962314958     
   2.4234785691255735E-002
   0.5243421386701618     
   -2.544006287750646     
   0.6634265959692471     
   1.8065942096436347E-002
   -1.114694042862082     
   6.7021729605237085E-004
   0.9331511489131386     
   -2.342189872892123     
  -7.2584734281964422E-002
   0.3774913713168123     
  -0.7499567799451283     
   0.1921552078391131     
   0.8572918533934411     
   -1.911375907967578     
   0.1198226299349909     
   1.8475884453111394E-002
  -0.4923642146274795     
   2.4520473341579190E-003
   0.3531517604915447     
   -2.662771775322520     
   3.9202480659403342E-002
   0.2730071023888855     
  -0.7152261547925194     
  -4.0805906689434799E-003
   0.8940295848546012     
   -1.902537542471295     
   3.2516021835583678E-002
   3.4347107635967172E-003
  -0.6258741409780066     
  -4.8539838213112179E-003
   0.3798293579718525     
   -2.081591967013110     
   0.1013865783616059     
   0.1405317922564483     
  -0.6356223636349518     
   5.3076163879022004E-002
   0.5293301615011999     
   -2.202867909442375     
   0.1574651307212763     
   8.1975768540286011E-003
  -0.5727886019786614     
  -6.7606267844589653E-003
   0.3514823758986839     
   -2.714422323856214     
   0.7022074671362792     
   4.4826596659213326E-002
   -1.275325982015316     
   5.3660915443900226E-002
   0.5080476524332961     
   -2.331177460740791     
   0.9673669906771338     
   1.2746164579726956E-002
   -1.136508408282675     
   1.4137078036919175E-002
   0.5921548377048224     
   -2.329747221993419     
   3.7664569813856748E-002
   6.3301983184778046E-002
  -0.8088966947684263     
   0.1711461233713024     
   0.5661841479513308     
   -2.841677450245422     
    1.171361036026976     
   4.6519882024904008E-002
   -1.447465983128268     
   4.3390235636294752E-002
   0.3666730776295303     
   -2.078268648501052     
   2.2204681990502739E-002
   7.6490119150713137E-003
  -0.3835128523449641     
   0.1129868359657323     
   0.4730161402962619     
    2.183794058762910     
  -7.1243170688997069E-003
  -0.2766568205934219     
   -1.050854151284681     
  -1.1451515457480270E-002
   0.7536966368941876     
    2.385651142089722     
  -9.6502677459421440E-002
  -0.1040735306355060     
  -0.6203293330846419     
   2.7832511034897360E-002
  -0.5503681703281078     
   -2.259114769865273     
  -5.9690648430860025E-003
   0.6190378842023074     
   -1.795411227793801     
  -3.9758749507337503E-003
    1.009943021144530     
   -2.727716629587754     
   0.1629793240350806     
   2.7135166526121361E-002
  -0.7001569302187413     
  -2.9455921288682125E-004
   0.4911246319687792     
   -2.048160059961794     
   0.2237747791515050     
   8.4579214020659960E-002
  -0.7909309616583308     
   3.0026759728984893E-002
   0.4056096981102688     
   -2.138907834671295     
   0.4085246025318524     
   0.1154519037550852     
  -0.8411333300716545     
   4.7817739092579234E-002
   0.4826078211491064     
   -2.462507759238417     
   1.4382973477838779E-002
   0.1550677609787308     
  -0.8681994660996992     
  -1.8365020334322392E-002
   0.6469936913250502     
   -3.583382820366278     
    2.622736089121413     
   2.1642311231178196E-002
   -1.631064124632490     
   3.4892556478132268E-002
   0.3061998253017220     
   -3.396697220484190     
    1.952053295957755     
   4.0641355389450032E-002
   -1.674100998087030     
  -1.3529613287566775E-002
    1.640496060523167     
   -2.059635118586901     
   0.1474556393899222     
   6.6480645450469559E-003
  -0.5593925876505461     
   2.4594634705145764E-003
   0.2157200244255931     
   -2.108043426087770     
   0.1553681031784912     
   3.3175965632720192E-003
  -0.6561240998958252     
  -4.4874521709371749E-002
    1.505510145107342     
   -2.185103559066417     
   0.2818985892521885     
   0.1055379689594669     
  -0.9932233472680325     
   8.9340379087967173E-003
   0.4631294267819311     
   -2.695024787668971     
   0.6636416790174015     
   2.1580699625388101E-002
   -1.277708058368233     
   0.1161192439365246     
   0.5408095317645593     
   -1.768231977766055     
   3.3042471275298857E-002
   3.0616117611961546E-002
  -0.6359814121001119     
  -1.6773807143268323E-002
   0.7720051315469461     
   -2.847063937626293     
   4.3608408794564131E-002
   0.1405067892488775     
  -0.4132538078018398     
  -4.9355656530252678E-003
    1.511012341651707     
   -2.910646260172776     
   2.0221643974294393E-002
    1.713283180860625     
  -0.4532912710254408     
   2.3641352104341166E-003
    1.439011523884652     
    2.380027081071922     
  -0.1829956564181954     
  -3.0611416091186512E-004
   0.7036349056326457     
   2.9431015525348703E-003
   0.3970266496600417     
   -2.690830565859889     
   0.3743782680011271     
   4.2037338202774333E-002
  -0.9484060674172262     
   1.2945395490254565E-002
   0.3291156209604867     
   -2.126560868674481     
   0.6015457868883556     
   0.2486352171144291     
   -1.324960455651230     
   0.7490829012807781     
   0.8361537205056366     
   -1.947978076027868     
   6.0772024189709922E-002
   0.1046047230890808     
  -0.9904378143299354     
  -1.1844032903815130E-003
   0.4319579560520780     
   -2.433833453956263     
   5.8432960993158707E-002
  -2.9185571884438521E-003
  -0.8619298563266073     
  -3.2753148643745269E-003
   0.6361107463734755     
   -3.190171906078204     
    1.927439446353006     
   1.3442095786865619E-002
   -1.624804610505700     
   2.0512389593297147E-002
   0.2442508763948462     
   -2.091995007341336     
   0.3137204472104737     
   3.0523010573010087E-002
  -0.9598021253980649     
  -8.1883273070551252E-002
    1.176269717744798     
   -3.000679687027905     
    1.029141174237761     
   9.6048675030638547E-002
   -1.399327963177364     
   5.5131206762365326E-002
   0.5122582415377224     
   -7.763010118126113     
    7.169285271025423     
   1.4727711906734765E-003
   -2.058524348954931     
   1.0884292077143778E-002
   0.4871271251795983     
    2.179602480267849     
  -4.4364883850197233E-002
  -0.1111728929556626     
   0.7631915579630426     
   1.4505066791155664E-002
   0.5244358746149135     
   -3.325768360968844     
    1.468691434075671     
   5.7757924701637370E-003
   -1.655152707816634     
   5.9086498526510880E-003
   0.6426815995056097     
   -1.932958628676126     
   1.0105087463905845E-002
   0.4984885507968639     
  -0.3919883015990196     
  -8.6090705803087038E-003
   0.8605587090501831     
   -2.408932893252777     
   9.5278564209621171E-003
   0.4301733841728737     
  -0.2169518493612676     
   2.5617162441610785E-002
   0.9846009395623326     
   -2.170449541638298     
   1.3440647735522155E-002
   0.3464726153913889     
  -0.6263352445746647     
  -2.9934074493678048E-002
    1.457753631431664     
    2.089921003577809     
  -0.2506907236006699     
  -0.1057292952260177     
  -0.7260997771554338     
   3.1740529033979573E-002
   0.4934916585155950     
    2.557502732892732     
  -5.4047025832843834E-002
  -1.5033444448382635E-002
  -0.7297024120922948     
  -7.9188334701759802E-002
  -0.9701551094842086     
   -3.758640702946329     
    2.737416923098959     
   6.1864083621175403E-002
   -1.691556765830031     
   9.4503605072896790E-002
   0.3561982113709899     
   -4.230482890594297     
    3.073137385815548     
   4.8328452729982964E-003
   -1.886887844061765     
   4.1778974531933273E-003
   0.5285458088157666     
   -2.343266484982554     
    1.073849592479608     
   3.2848097865339842E-004
   -1.176927040348376     
   1.8011101022055468E-003
   0.2457842434417398     
   -2.039769253999096     
   0.2246614954800786     
   5.0378850734588976E-002
   -1.474492374056947     
    1.158720478805952     
   0.7482576749697549     
   -1.999888286538124     
   1.1525390645491549E-002
   0.1140472953504266     
   -1.067888472089368     
  -0.2100245886404981     
    1.665164106130155     
    2.361682069224956     
  -1.0373512855361196E-002
  -8.2833931607423209E-002
   0.5116343185739956     
   1.2288168284499202E-003
  -0.4130296172485760     
   -2.026404610485386     
   0.1239430039623176     
   0.5869568363161569     
   -1.220497132427219     
   0.6890451856809220     
    1.157791966702588     
   -2.190227981620625     
   0.5833872466350596     
   0.1010520981168164     
   -1.364974033948915     
   0.7199262539104667     
   0.8759798897279105     
   -2.137132773038121     
   0.2496413852901625     
   0.1453793021693264     
    1.728933055283107     
   -1.204863852602331     
    1.782764839236551     
    2.328734513959981     
   8.0558743655414231E-004
  -5.7721884643276072E-002
  -0.4069431506488038     
  -8.7259417200939732E-003
   -1.224114802981834     
   -2.292939253062018     
   0.1570116611692506     
   0.2499285145510164     
   -2.574441589908347     
    2.214154354247319     
    1.151204152023533     
    2.417746238684213     
  -0.1675322054105757     
  -0.1291540548679221     
  -0.7656112387845161     
   8.7039242234511292E-003
  -0.6055566974622832     
   -2.707758306911638     
   0.4070237705777475     
   9.4108783110078018E-002
   -1.466371661025475     
   3.2034821743245630E-002
   0.4476009362055450     
    2.257226825302543     
  -5.2949399558571156E-002
  -8.6224738373123343E-003
    1.405747204997771     
   -1.089274477598277     
  -0.7387007712991926     
   -1.705158549651897     
   2.5861655681869281E-002
   6.2370243139744840E-002
  -0.5288921933317413     
  -2.8651719352929983E-002
    1.133810832292797     
   -5.248135758012897     
    4.202815468638937     
   5.3358672650658003E-002
   -2.072856179337043     
   6.6667820850038723E-002
   0.5877549374953704     
   -2.426203165513097     
   0.4832944973215711     
   1.0286397766623132E-002
   0.9825594386860381     
   1.0276609712804634E-002
    3.923576673371616     
   -2.154454306941046     
   1.4665782975748878E-002
  -0.1171655841390299     
   -2.884816243041003     
   2.6070668949856658E-003
   0.1587870372559563     
   -10.22699518119751     
    9.745011043540089     
   2.3715618595200345E-003
   -2.139398692786529     
   1.0866434782952510E-002
   0.8356822840219246     
   -2.328381744149521     
   2.2312990472099469E-002
   0.1628385655312627     
   -1.704246641250841     
  -4.7996614971318741E-003
   0.6103072290473420     
    1.680666694271415     
   1.5245724217010443E-002
   5.1977822506070567E-002
  -0.6733310972001963     
   -1.583070730045339     
   -2.485280753705455     
   -1.985445400772528     
   0.2310964686680300     
   5.8906398782754511E-003
   -1.466477088532491     
   5.4395735105009012E-004
   0.2970197528082499     
    2.149306919922714     
  -8.0298848690684953E-003
  -0.1014259354725760     
   -2.220874154101691     
  -7.0236597661769817E-002
  -0.3794641561147589     
    2.328145835378158     
  -5.2021084474475919E-002
  -7.0926734865449058E-003
   -1.293605529615554     
  -1.4511443733323979E-002
  -0.8156481729537639     
   -13.26742024728467     
    12.86143187677145     
   1.3633734785779833E-002
   -2.254424789181090     
   5.8734107044873522E-002
   0.4231855575878014     
   -3.526994576926409     
    2.044433925049231     
   2.1127815095501839E-003
   -1.771030843195371     
   1.1586424588217313E-002
    4.666739692150114     
   -7.786120660068454     
    7.243650225781582     
   6.2593728521557090E-002
   -1.975557671234031     
   0.2100190467168246     
   0.1448777373024511     
   -2.824683550805635     
   0.5622592599843391     
    1.104932645880327     
  -0.8825723911976814     
   9.8636208855962901E-002
    1.253444786306014     
    2.191532098684880     
  -1.0147738317976458E-002
  -1.5118477057892257E-002
   -2.498960689053302     
  -7.0080313761465172E-003
   0.6535076192157865     
   -2.583823077642059     
  -1.8958185044783221E-002
   0.7915702921807539     
   -6.889959044831598     
   6.0444467182930129E-003
    1.213642592678054     
   -2.264123050242474     
   3.4564825870331599E-002
  -9.8189464747999167E-003
   -2.303036075505342     
    2.167651466951202     
   0.5305756080130182     
   -3.002765222863932     
    1.371241270433825     
   3.7772761550276986E-002
   -1.821906399919955     
   1.3424876955968636E-002
   0.4168687630906507     
   -2.568110697344047     
   6.9363949119346530E-003
  -6.2633235064877601E-003
   -3.376524768771150     
    3.280550310904161     
   0.9597506335287341     
    2.968842223394093     
   1.4328474754604222E-002
  -8.9629930084248272E-002
   -1.710781522896237     
  -1.6245428347033291E-003
  -0.5469335680601549     
   -3.023228306198521     
   0.2610476185836005     
   0.7934408476692391     
   0.7943311973726777     
  -0.1215196843445567     
    2.064977781830727     
   -2.612991044753657     
   0.2309685486736066     
   6.3627086223908946E-002
  -0.9513579568544920     
  -9.6585640633624473E-002
    1.873986989704013     
   -2.082745921315008     
   1.8280840838605848E-002
   0.1206179121704166     
   -12.67277939667537     
   1.5492498746589134E-003
   0.4751628939527775     
   -2.250123062464386     
   5.8356043549856004E-002
   1.8508405594890930E-002
   -3.713735571442387     
    3.658109253217432     
    1.155233344565098     
   -2.571412045148664     
   3.8033313194606580E-002
   9.8166733809843601E-002
   -16.57484446120951     
   6.1650132703667017E-003
   0.5079837023545308     
   -2.647804380032622     
    1.656363344832710     
  -2.4963902141332928E-002
   -1.298452255064756     
   4.2965583010480431E-002
    3.412896964072536     
    1.959885693227917     
  -4.8906045582944729E-002
  -1.6151521208792749E-002
   -1.172512609527818     
   0.9729530435253965     
  -0.7181431494597261     
   -2.147070665194474     
   6.3528787370163542E-002
   4.2467135519819788E-002
  -0.3901456896522040     
  -1.2546661679477026E-002
   0.4401388598820767     
   -2.103969954821851     
   0.1993492397845223     
  -4.1174242911526306E-002
  -0.8731551123034544     
  -1.0332395433105955E-002
   0.9326006332113789     
   -2.358916554493329     
   5.2268831825361919E-002
   1.3020267485737490E-002
   -6.861953520836546     
   6.5668114805383154E-003
   0.4000619317425532     
   -2.392243462978704     
   4.9630304384509730E-002
  -0.1176934152457147     
   -1.405947964843614     
  -0.1990070875381993     
    2.025827791525403     
   -7.167746116962288     
   2.2100203981858788E-002
    6.099318627762409     
   -1.426043053166743     
   4.9335167638203364E-002
    2.583106439826284     
   -2.533956686534391     
   0.2504800444653975     
   5.3628507412171123E-002
  -0.7521247338619093     
   4.3637539231749824E-003
    2.647010109750876     
    2.648514216207029     
  -6.2279233674280947E-002
  -0.3454186037089401     
   -1.453846750214301     
   2.9855490130447231E-002
  -0.9469195157385701     
   -2.719084531851208     
   0.2886382543926462     
   6.5551064598075330E-003
   -3.170329525794827     
  -4.9667108526075865E-002
   0.8922262714425540     
   -2.617779999288042     
   0.2902951130435354     
   7.2226557880284925E-002
  -0.8205947501461294     
  -4.7859279072879971E-002
    30.82323624832176     
    2.302463912078786     
  -4.6716752742086948E-002
  -3.0931700823119034E-002
   -11.15871405448306     
   5.7409162697711908E-004
  -0.3013433201952925     
    2.284421579974792     
  -4.2025763948519576E-002
  -3.5215731794348767E-002
  -0.3177012702209563     
  -7.1780965582433280E-004
   -4.812700982038137     
   -2.632712744436915     
   3.5933879205298377E-002
   0.2007730390200416     
   -5.522022529199655     
   2.0580925625572850E-002
   0.6741869672882661     
   -2.790101156559257     
   0.5176883352187196     
   0.3776290022688983     
   -4.891702106797339     
    4.684637364360274     
    1.460233045661155     
   -2.335376122169872     
  -2.6820839462131464E-002
   6.3952784316316999E-002
   -35.74888885689636     
  -3.8628989675050440E-003
   0.5540283709357847     
    2.867190039593987     
  -2.5392985878048540E-003
  -0.1904612576630115     
  -0.7903865195889780     
  -0.1206256024757214     
   -1.200548887761590     
   -2.689350536448961     
    1.571593240425368     
   2.8677492144682171E-002
   -1.326654756889146     
  -0.1173312462449238     
    1.211759607525191     
   -1.882084800215917     
   0.2166789594150482     
   7.1758961969209832E-003
   0.6032130051608533     
  -8.3024341129423161E-003
   0.8344713625692815     
   -2.273812940061137     
   6.0286712064094958E-002
  -4.4500906071529367E-003
   -6.427220862677690     
  -6.4227356379283465E-002
    1.154389629421547     
   -2.075418889312176     
   0.3022133889003026     
  -7.7095710602505196E-002
   -1.000000832439749     
  -0.2852035482777340     
    3.545436542219166     
   -3.624732959120245     
   2.5446730909842959E-002
    2.134140002885253     
   -1.119452313248205     
   0.8951643033594983     
    1.792824488138993     
   -14.30341370257474     
    13.96754538692218     
   2.5582281264387948E-003
   -2.179578062340194     
   2.7575223083083703E-002
    1.784792049381629     
   -2.166621600578967     
   4.1151513315919770E-002
   2.4120158136385496E-002
  -0.7725563390917588     
  -6.0281262800828623E-003
    1.174869933717894     
   -1.976338408003755     
   3.9317488000111658E-002
   2.7767559869489346E-002
   -23.58105162122564     
   4.9302047926006517E-004
   0.2687578558358756     
   -2.217343491871592     
   0.4159598055736477     
   6.1541432918744300E-003
  -0.8721592754934772     
  -3.2662044765906291E-002
    19.52539374106435     
   -2.100783671943810     
   6.4407169054872260E-002
  -1.4470413879153649E-002
   -5.859734688246839     
    5.820024090508710     
   0.7281524324650102     
   -2.451806104010430     
   1.1384988049113334E-002
   3.1706799142845632E-002
   -2.045688088443192     
    1.591056849361930     
    1.672599213615749     
   -2.829662662227089     
   2.5771095918688116E-002
   4.3191002182320030E-003
  -0.4269482231582947     
  -5.9407176006409039E-002
    2.756512946279929     
   -2.659597168811500     
   2.2453488600787646E-002
   0.1071090763079504     
  -0.6120760544040305     
   2.2779625412287900E-002
    10.41731558532800     
   -21.63526113528106     
    21.41476896928662     
   2.0844462480298379E-002
   -2.165073122405284     
   0.2427937123907143     
   0.6485662304796177     
   -2.402185401870650     
   0.3976658299728938     
   6.5998162344516859E-002
   -4.181561263539182     
   3.5696253887520526E-003
   0.5135451262570307     
   -2.213372128122855     
  -1.9376449825530984E-002
   0.1383386375326897     
   -1.713544359878630     
  -5.5482193389266559E-003
   0.5555982254375306     
   -35.64021497886186     
    35.46511798324084     
  -1.1434108388792142E-003
   -2.537276246173046     
  -1.6963069288069482E-002
   0.4637375488744839     
   -2.225630169436287     
   0.2584636014373937     
   4.7106896186348054E-003
  -0.7308268852200228     
  -3.0517734228516721E-002
    2.739892432828145     
   -2.402462736850675     
   0.2415898253815079     
   0.2557214184380452     
   -9.636015330300648     
    9.578807707372562     
    1.056030927365847     
   -2.889088692496869     
   0.3697023822996799     
   0.8035532426190921     
   -1.580817322362303     
   7.1797455757670478E-002
    1.284745541681492     
   -2.264653379363482     
  -6.8675454981569099E-003
   0.3550932054561942     
   -74.78103334887447     
   4.8630291122798470E-004
    1.004022534738631     
   -2.586606223024334     
   0.1120128787309811     
   0.2115805767636308     
   -2.209576840233785     
    1.024869763363262     
    1.420164485888392     
    2.332226459177592     
  -5.3878896715475258E-002
  -0.4757225249837932     
  -0.7718885727105215     
  -3.2252400107270665E-002
  -0.9815582012487083     
    2.330281902484143     
  -5.7697452634475843E-002
  -2.5732498654608929E-002
   0.4069552148311949     
   1.2468463190166507E-002
   0.7977982773293399     
    2.018173472769405     
  -2.4856923586173123E-002
   6.8229878265973001E-003
   -1.626186411758165     
  -2.5933982106195293E-002
   0.5266603767735973     
   -2.205320272380752     
   8.2974429246025591E-002
   1.7416793960174131E-002
   -3.073587946987520     
    2.568635091462840     
    3.077747219618525     
   -2.183008246604931     
   4.3011206211570369E-002
  -1.9879227527180823E-002
  -0.7215970580370716     
  -0.1395159057891128     
    8.849685419341563     
   -2.065630735459843     
   6.0021906562683539E-002
   2.9817144223781365E-002
  -0.3446795192163767     
   2.5182536620200167E-003
    3.904152025840533     
    2.096487328551575     
  -2.0447554937423781E-002
  -2.7871425438911229E-002
  -0.7568148870141316     
  -0.3462108600976198     
   -2.178303673008076     
   -2.788649032207344     
   0.1938598298264261     
   1.4352449693172808E-003
  -0.8485377858441090     
   9.1475320949183201E-004
   0.6085469690012449     
   -2.553035619390470     
  -1.6092581201998270E-002
   0.2588949282769322     
   0.3917078321445348     
  -9.1403768358601575E-003
   0.7450072276396452     
   -2.303904379669244     
   0.1239552539190942     
   7.9788933569662962E-002
   -2.477703645468578     
  -0.1458081903131567     
    1.621980618873036     
    1.999479534636049     
  -8.6078929437164192E-002
  -3.3580281973882908E-002
   0.5010467984031650     
  -0.1068071382178836     
   0.3729395262955513     
   -1.721907580816063     
   6.9257234782639079E-002
   5.1150769507199462E-002
  -0.3271353182185249     
  -3.7635377558657692E-003
   0.5708017560699028     
   -2.405843227518469     
   7.8870527299561150E-002
   2.7753740650021540E-003
  -0.4347482863386556     
   6.3234178810138500E-003
    1.161539358656941     
    2.530710447563556     
  -0.3417901727327370     
  -0.1954500932633614     
   0.9441991231720525     
  -6.8423492310460576E-002
  -0.6847289102100689     
   -2.666774527460659     
   8.5861834179168872E-002
   6.5125605733769520E-002
   -54.71186206763981     
   5.1678532554922275E-004
   0.5688092396355499     
   -1.938156129555980     
   8.0840050162839447E-003
   1.7858320937684920E-002
   -2.111809405149667     
  -0.2657633738158474     
    3.548191599812534     
    2.917415385522313     
  -1.8685658766139337E-002
  -8.2646815460114820E-002
  -0.3340128338128537     
  -5.1589353927521389E-003
  -0.4964048969747384     
   -2.343129322642288     
   9.4628097613172237E-003
   0.1085691739001822     
   -63.89645696612158     
  -2.5535897289324905E-004
   0.4641288070675396     
    3.364942738615900     
  -1.3071994099551157E-002
  -8.6046645428154531E-002
   0.3965524592222797     
   1.8659212671688099E-002
  -0.9404515515152055     
   -2.335482598615291     
  -7.8856470411090493E-002
   0.1023307796339021     
   -7.807038754916077     
    7.559913908371298     
    3.362197894840303     
   -2.284903318703494     
   0.3257622091489675     
  -1.4267306669132800E-002
  -0.7783195672787960     
   1.4988229761624648E-002
    1.155549875698845     
   -2.520203173067542     
  -7.1365248847644627E-002
  -0.5223895179100517     
   -1.637117852142872     
   0.3611288503221839     
    1.308404459748181     
   -2.239074415809232     
   1.4441332565636109E-002
   2.4177281436276552E-002
   -14.67091152313987     
  -7.4493799266682856E-002
    1.553899330737756     
    3.821391605078353     
  -0.1091113127915524     
   0.1395549139735757     
    1.994413526702297     
  -0.2866835529483877     
   0.7032009453351382     
   -2.281287622198670     
   4.6026551856150642E-002
   3.5621641776114710E-002
   -125.8732408190482     
   2.7319442190935542E-004
   0.3926585808738485     
   -54.40142354319819     
    54.28940214212758     
   2.2911228044554432E-002
   -2.398804609376888     
   0.4030068918910504     
   0.9250203562344783     
   -3.235656365048734     
   0.5871412231273018     
  -3.7674596746476941E-002
   -1.263007573000100     
   0.1062025819028485     
    2.207084526176294     
   -3.225031829144773     
   0.1378128046440095     
   6.3642756786186888E-002
   0.6202090703919027     
   2.4137970527003574E-002
  -0.6013655612779176     
   -2.446814145246975     
   3.6892597333393631E-002
   5.7245491888701261E-002
   -3.166539989099174     
   -1.429828223657494     
    6.274199893120472     
   -34.54832106424364     
    34.40148409487308     
  -2.1825408606327193E-003
   -2.247740485995401     
  -5.0836037224468464E-004
    2.393464143611197     
   -2.368475527584100     
   2.3801864024578977E-002
   0.1525963374830767     
   -18.41489063631761     
    18.44520648230192     
   0.8065687462609265     
   -4.309224450396368     
   0.1175462042916331     
  -3.0675637306075972E-002
  -0.8390194490325504     
  -0.1703729712575146     
   0.3810603081268859     
   -2.137096452182428     
   3.9505073861453424E-002
   6.0357761340504898E-002
   -2.544964296598209     
    1.219479197661195     
    1.624867729122994     
   -9.475751280703587     
    9.033933643197663     
   9.8864483654670238E-003
   -2.000764849606863     
  -1.5362572247425323E-002
    4.196881481613826     
   -2.292263637659999     
   2.9034545523438898E-002
   1.9793903029485100E-002
   -1.194216938636490     
  -1.4714985255468632E-002
   0.3583452574048593     
    3.073875475346599     
  -0.2422536775781631     
   5.3203150424279786E-003
  -0.8468629403006233     
  -5.2755830394079530E-002
    1.162074567198225     
   -2.470425201943692     
   0.1445836204463787     
   0.2862358069163471     
   -48.06609328351925     
    48.03938950072124     
    1.021919070889556     
    3.477133219221112     
   7.2981662880204107E-002
   3.6019549132186905E-002
   -2.119914932063150     
  -3.0711310660830559E-002
   -1.613018475141520     
    2.170040047127085     
   0.1049306796516853     
  -8.6537677983016398E-003
    1.494333797294361     
  -0.4241895463173887     
  -0.9636770788492726     
   -2.578793440918965     
   0.1251737816793115     
   8.8043691997009524E-002
   -20.07957209680955     
    19.98564009367940     
    1.976617299006746     
    2.690629384985209     
  -0.1050748380961381     
  -6.2057720555411929E-002
  -0.6565897108564729     
   2.6331963805351983E-002
  -0.4269480339071484     
   -2.206504593936605     
   6.1830942044874618E-002
  -8.4958345267590104E-003
   -3.608646370615226     
  -6.3358272521722853E-002
    1.005898022642448     
   -304.6178345717578     
    304.6044467029383     
   6.4188039439681517E-004
   -2.006972796470437     
   4.3878985360764719E-002
   0.5459304905110254     
   -2.482613708515398     
   0.5609222260813228     
   7.7946503617382035E-002
  -0.7754876769624947     
  -0.2232415676867525     
    2.000337001450117     
   -2.067904202592313     
   4.1528604358046589E-002
  -5.8676451381191042E-003
  -0.4060214654229211     
  -0.1096032653356517     
    5.147276047274436     
    2.505805981681779     
   4.1330512859218981E-002
  -1.4247021155743472E-002
   -3.293779676078263     
   7.9440956709262295E-003
   -1.026197051140908     
   -3.698633290749990     
   5.4299385042180744E-002
   8.4868711076765038E-002
  -0.4877137688371188     
  -7.5434031483750968E-002
    3.434900951093582     
    1.487976039843749     
  -6.1769753869860243E-002
   7.9618355764923404E-002
   0.2888419716017047     
  -6.1608193063539790E-002
   -1.453899399453877     
    1.764219388560282     
  -0.3236389547333444     
  -0.1688364439586531     
  -0.4334023139524016     
   0.4864593213796995     
  -0.4670037488365828     
   -1.715903142089157     
  -1.6136407186733339E-002
  -1.4575345987986559E-002
   -1.584839946850973     
   6.3175528858661428E-002
    1.649688672502521     
    3.589777365502886     
  -0.1240565860131555     
   1.8806735025263095E-002
   -1.173106173393572     
   0.1116032033816193     
   -1.336422816154139     
    1.655961789299520     
  -2.6879549463985370E-002
  -0.2598539411845422     
   -1.178125634561960     
  -2.5563853335454457E-002
  -0.6203912829614132     
    3.707554223335639     
  -9.6368220846071190E-002
  -9.8469541087818184E-003
  -0.5515313110167275     
  -2.4402855584290430E-002
  -0.3551632783120380     
    1.445742764273070     
  -8.3043093297375942E-002
  -8.8933435784686543E-002
   -1.191341542992492     
  -0.2389765204744821     
  -0.9024588247643538     
   -1.928577888754799     
   3.8043258995362227E-002
   1.7774531412160306E-002
   0.4453733957158147     
  -0.1413252974738211     
  -0.5856086704700915     
   -2.080042611601769     
   0.2279783339698557     
   1.8784781524915018E-002
   0.6672895501163016     
   9.7227092743175786E-003
    5.466741792273842     
    1.360502497663343     
  -6.8739059572735226E-002
  -6.1976549628129395E-002
  -0.8967439200531334     
   4.9334727747146881E-002
    1.088310204520736     
   -2.183005437017756     
  -1.3641748333776372E-002
  -1.5179870977698986E-002
   0.5891393361335044     
  -0.1999279577037025     
   0.8102104367457752       
   POWERS OF r1
18
18
18
18
18
18
18
18
20
20
20
20
20
20
20
20
22
22
22
22
22
22
22
22
24
24
24
24
24
24
24
24
22
22
22
22
22
22
22
22
20
20
20
20
20
20
20
20
18
18
18
18
18
18
18
18
16
16
16
16
16
16
16
16
14
14
14
14
14
14
14
14
12
12
12
12
12
12
12
12
10
10
10
10
10
10
10
10
14
14
14
14
14
14
14
14
16
16
16
16
16
16
16
16
18
18
18
18
18
18
18
18
20
20
20
20
20
20
20
20
22
22
22
22
22
22
22
22   
18
18
18
18
18
18
18
18
20
20
20
20
20
20
20
20
22
22
22
22
22
22
22
22
24
24
24
24
24
24
24
24
22
22
22
22
22
22
22
22
20
20
20
20
20
20
20
20
18
18
18
18
18
18
18
18
16
16
16
16
16
16
16
16
14
14
14
14
14
14
14
14
12
12
12
12
12
12
12
12
10
10
10
10
10
10
10
10
14
14
14
14
14
14
14
14
16
16
16
16
16
16
16
16
18
18
18
18
18
18
18
18
20
20
20
20
20
20
20
20
22
22
22
22
22
22
22
22
     18
    18
    12
    16
    20
    20
    18
    22
    16
    20
    22
    16
    18
    22
    14
    22
    14
    14
    20
    22
    12
    14
    18
    18
    16
    18
    14
    24
    14
    14
    22
    12
    18
    18
    16
    16
    22
    12
    24
    14
    22
    22
    10
    14
    22
    16
    14
    20
    18
    18
    24
    10
    20
    14
    14
    22
    10
    20
    14
    12
    14
    22
    10
    10
    12
    20
    18
    16
    22
    14
    10
    18
    18
    20
    18
    20
    10
    14
    14
    20
    20
    20
    22
    12
    18
    20
    22
    18
    24
    18
    20
    22
    20
    24
    22
    10
    14
    20
    16
    20
    22
    24
    20
    18
    22
    20
    20
    20
    22
    20
    22
    16
    10
    12
    18
    14
    20
    18
    20
    16
    16
    18
    22
    20
    22
    16
    16
    18
    22
    20
    18
    18
    16
    14
    16
    24
    18
    18
    20
    22
    22
    14
    14
    18
    14
    12
    22
    20
    24
    14
    20
    24
    16
    22
    18
    24
    18
    24
    20
    18
    18
    22
    22
    20
    22
    20
    24
    16
    12
    20
    22
    24
    18
    22
    14
    22
    16
    10
    20
    22
    24
    16
    12
    16
    12
    20
    12
    20
    20
    18
    22
    22   
   CHARGE MATRIX 
  +1.0  0.0  0.0
  -1.0 -1.0  0.0
  -1.0  1.0 -1.0
  MASS
  5.446170e-4 2.723085077e-4 2.723085077e-4
  2.723085077e-4 .5002723085 2.723085077e-4
  2.723085077e-4 2.723085077e-4 .5002723085
  nsym NUMBER OF SYMMETRY TERMS
  4
  symc SYMMETRY COEFS
  1.0
  1.0
  1.0
  1.0
  Sym PROJECTION MATRICES
    (1)(2)(3)
  1.0  0.0  0.0
  0.0  1.0  0.0
  0.0  0.0  1.0
      (12)
  -1.0  0.0  0.0
  -1.0  1.0  0.0
  -1.0  0.0  1.0 
      (34)
  1.0  0.0  0.0
  0.0  0.0  1.0
  0.0  1.0  0.0
    (12)(34)
  -1.0  0.0  0.0
  -1.0  0.0  1.0
  -1.0  1.0  0.0
  evec
   -0.5837590470007034     
  -0.4854393699574197     
  -2.0716323236274210E-002
   1.2192710233739163E-008
  -0.3926407415967489     
  -0.4946793704224853     
  -0.3053523697187335     
  -1.2894087206674898E-002
  -0.3784394051037542     
  -0.5300337731644382     
   0.1563874318104683     
  -3.9733863861721619E-004
  -7.2066255549624370E-002
  -0.3777787380785965     
   1.3443226699354610E-014
  -6.4892582432721280E-002
  -0.5029003312270385     
  -0.2228648464556566     
   1.3367322753922481E-002
  -1.2338752413028588E-002
  -2.0596486077767138E-003
  -0.4790404718157469     
   2.3314652271659024E-003
  -2.9776761269929535E-005
   0.1642386762774816     
  -0.1136260884519501     
   3.5276508304541822E-003
  -0.2204721296037356     
   3.8531814640495522E-002
  -0.1040063112167308     
  -0.5840151447674926     
  -0.6884230499138470     
   7.7059708201880866E-004
  -0.4562528635545428     
  -0.6565285006179548     
  -0.5241604260449311     
  -7.2410566863586073E-002
  -3.2445359905875132E-002
  -4.7323441138349028E-003
  -0.2226172177085992     
  -0.1455064738372626     
  -0.6177739461301903     
  -0.4737608938394384     
  -0.1648947195418634     
   7.8685161248819062E-005
  -1.2072696224855830E-003
   0.3779285668821169     
  -6.1799202831571760E-002
   1.1444377260588411E-002
  -3.8016816702749277E-002
  -0.1434929510974955     
    3.479858942128953     
  -7.9001061125258346E-003
  -0.1931566944813785     
  -7.4531802653529865E-031
  -0.2535232570180109     
  -0.1730961679825176     
  -1.9443377790153444E-002
  -1.2790374604336827E-002
  -7.3624763900269417E-004
  -8.9948745742656291E-004
  -4.2835536031224873E-004
  -0.1044165364191187     
  -3.2820690750922053E-003
  -0.5054198182979174     
  -0.3226368825096460     
  -0.2642642493296437     
  -1.2369577608804183E-008
  -0.4964697299236855     
  -6.5315198126741254E-003
  -0.3840470282992372     
  -1.0113091799941274E-002
  -0.3995118186063724     
   0.5683410815948566     
  -8.1206699293597209E-002
  -5.9151796550155648E-004
   5.2029429934868685E-002
  -7.2881232984182295E-002
  -5.2377685934202625E-002
   1.2155027925588917E-002
  -0.2106239916931390     
  -0.1674236126695859     
  -1.3686116194753493E-002
   6.6421082179554378E-002
   1.0000600965039939E-002
  -2.6868719281093963E-002
   6.6394248937566959E-003
  -1.9752704936703706E-004
   0.1298237218388462     
  -1.1790910888691681E-002
  -3.1720100096535257E-003
  -0.3487837017804160     
  -0.3514275549696738     
  -1.7200232901154070E-003
  -0.2749841315479984     
  -0.1851953601615961     
   4.4424276184156642E-004
  -0.1331460424846878     
  -0.5726589751455701     
  -0.5822710426967773     
   5.1347777894751291E-002
  -6.9849327663559321E-002
  -1.9136234178726806E-002
  -0.2272692229673000     
  -1.1286475398676856E-002
  -0.6364571140034665     
  -0.6682878297879969     
  -1.7036154055044755E-002
   2.3610291923068175E-004
  -1.2832865101071957E-002
   2.7434105722642314E-002
  -4.0320361004435631E-002
   1.9879812384046001E-003
   6.8938751880968388E-002
  -0.1473718629947558     
   0.1679921299734849     
  -1.0001210117729523E-003
  -0.3010067681513605     
  -6.0319886081449834E-004
  -0.5308285849237334     
   3.2091263081909060E-003
  -2.0162211150288663E-002
  -0.4049165360565191     
   5.5922158284387692E-003
  -1.5221586046283383E-003
  -1.9478728769593554E-003
  -5.3326522111481443E-002
   3.5877822307613674E-002
  -0.2644068185318934     
  -0.3898316563651262     
  -0.2184645214192068     
   1.3431213642703515E-008
  -0.2949678636274425     
  -0.4261072886475801     
  -0.1838485562821391     
  -7.9808227368136035E-003
  -0.5852445267131549     
  -0.4076124870193613     
   3.1001545152449593E-002
  -4.4230622879475295E-004
   0.1478602762838361     
  -0.2595137727507378     
  -0.1464402201370372     
  -0.1134256694418239     
  -0.5283527074749786     
  -6.1492248071544582E-002
   0.3395197242917696     
  -3.0826749560094822E-002
  -1.8867973820970042E-002
  -0.6274415127933221     
   2.9883346808692261E-004
  -6.4940931315085975E-006
   7.9292198972604977E-002
  -0.3125514354598041     
  -2.0783825615135884E-003
  -0.5364860101603491     
   0.5008567646048611     
  -5.2441003381282852E-002
  -0.7210778459950791     
  -0.6789282482445713     
   1.2723077175041387E-003
  -0.5709468475691153     
  -0.5881480615052193     
  -0.5672321356130642     
  -0.3593174907413819     
  -1.4891842443949191E-002
  -6.9761750906727291E-003
  -2.2950833407828448E-002
  -0.3403426540942301     
  -0.6609863949458232     
  -0.4373599696324855     
  -0.1812482198585020     
   5.0176042726832071E-005
  -3.7951788800433053E-003
   0.3974074810895678     
  -1.5366072132439556E-002
   1.1425509535583818E-003
  -1.6563871724445210E-002
  -2.7294636933523617E-002
    1.218053345819677     
  -8.9108025909833879E-003
  -0.1390777887554134     
  -1.8707335731140044E-004
  -0.4683024558630537     
  -8.6785281818456878E-002
  -5.2310676309629866E-003
  -1.4422586469612935E-002
  -1.9023909906092922E-003
  -6.0626362737155413E-004
  -2.6049793899401551E-003
  -6.2477552376202034E-002
  -1.0110522495329633E-002
  -0.4018436007278925     
  -0.4560712310396645     
  -0.1619770549008286     
  -1.3912660090393835E-008
  -0.2432752358806601     
  -0.2109678784332704     
  -0.3512084305195714     
  -2.8572766550792758E-002
  -0.3251990425678207     
    1.117349157633169     
  -5.8822796175799310E-004
   4.6039920597585669E-005
   1.5633977826300816E-002
  -1.0960059064405817E-002
   1.0418442268895158E-002
  -0.1869870824849381     
  -0.2630705309578314     
  -2.7906340425476833E-002
   1.5559423537348823E-002
  -6.1309845652241859E-002
  -1.4535600796150159E-002
  -0.2009165394416960     
   8.6368693430000660E-003
  -6.3758258994284144E-005
   4.3060746261568167E-002
  -8.3894588943224865E-002
   1.4472124788548401E-002
  -0.1615715989851694     
    1.083124316503322     
   2.0637618677856198E-002
  -0.2087772502809795     
  -0.2033357222366725     
   2.7263646129269055E-004
   6.5670867534079566E-002
  -0.5957339131509516     
  -0.4154040017569433     
  -4.8170867878868148E-003
   2.5479577296723921E-008
  -1.9853106931917004E-002
  -0.2854046581922125     
  -8.2731549457223635E-002
  -0.5999243660777734     
  -0.5648983940034289     
  -1.4182688335046819E-002
   3.5130048265117399E-004
  -2.0281979045721470E-003
   5.7810127251388096E-003
  -6.7591086503376221E-003
   9.6337691943614023E-003
   8.1569124361940165E-002
  -0.2571450278446575     
   1.7069549434982526E-002
  -2.4153109335949873E-003
  -4.7667216952535416E-006
   5.9091076331964181E-004
  -0.6654413751290823     
   6.3146670551325604E-003
  -2.5454158748707729E-002
  -0.3663532883875003     
   4.0479808795358709E-003
  -1.5383286782426052E-005
  -3.8011524975543067E-003
  -2.3257551190688725E-003
   3.7584649205616417E-003
  -0.5766935114009485     
  -0.6412010834110087     
  -0.3697150339992732     
  -0.4622674141087504     
  -0.6308282534023735     
  -0.5014003163440157     
  -0.5526662433986874     
  -0.4845387690320718     
  -0.5823892638421139     
  -0.4919990372863850     
  -0.6521765561982690     
  -0.3957832707023969     
  -0.3436447503965711     
   4.9402940858566939E-002
  -0.5638125690860117     
  -0.3932204540619442     
  -0.5943180712170929     
  -0.5382906218749086     
  -0.6407926872014044     
  -0.4171372392340436     
  -0.2196726032269612     
  -0.2636997370078681     
  -0.2582826722390824     
    1.987610095934874     
  -0.2961442297494118     
  -0.2695402077734230     
  -0.1635067907121439     
  -0.5362547553132443     
  -0.4426871184180641     
  -0.4276686119346869     
  -0.4961625183889706     
  -0.1074564511042105     
  -1.9464344623967435E-002
  -0.4722291178103342     
  -0.2908138171483930     
  -0.4517802324880115     
   0.5391220540683354     
  -0.3776518915111883     
  -0.1248163220421835     
  -0.2291552785334550     
  -0.6690083209009097     
  -0.4517528391612948     
   3.4406156743352519E-002
  -0.3860306259684625     
  -0.3704106026125710     
  -5.7299500605954658E-002
  -0.1271468601466302     
  -0.2037895988886811     
  -2.9975091408203633E-002
  -0.3862248077227314     
  -0.1636629185031525     
  -0.2992288667803377     
  -0.3236293864368213     
  -0.1555850736170003     
  -0.3129263773295616     
  -0.3316263909286052     
   1.0369256773299557E-002
  -0.1199342796993507     
  -9.4344971115206830E-002
   0.1607272851806568     
  -0.1809833634393809     
  -0.6480376474091395     
   5.9146459174754779E-002
  -5.9055976198717899E-002
   4.1876029799329029E-002
  -0.4151706301274138     
   1.6537393891253163E-002
  -9.1508556842458177E-002
  -4.1206624459875746E-002
  -0.1359596626635035     
  -0.1077726371973648     
  -3.3302501056683469E-002
  -4.4954005174959705E-002
  -2.4586778001838844E-005
  -9.5695301502849942E-003
  -0.2411872935424341     
   2.9960923275074744E-003
  -0.1330903393296504     
   9.4148889689139002E-003
  -0.2511903433883196     
  -3.7573450130125954E-003
  -3.2692811560911896E-003
   1.0811534505776783E-007
   5.6843592044598768E-002
  -0.1852016516888481     
  -9.2714427960554867E-003
   1.0438563062794790E-002
  -4.9900785019413828E-002
   6.3609614661996406E-003
   2.9186541638813214E-002
  -7.9854097038411856E-003
  -4.8001616923730596E-002
  -4.5960998470360708E-003
   2.8884137766241455E-003
  -2.0624377891911745E-003
  -5.0056960710433184E-003
   0.2560059820422194     
  -0.6475883226976021     
  -0.2596206138730439     
  -1.9482643586091270E-002
  -1.5967821641992914E-002
  -5.6949928096554775E-003
  -7.5154124473150313E-002
   1.4199118079855348E-002
  -1.1117634371370899E-002
  -9.1154729800908157E-005
  -3.7345684569634252E-003
  -4.7769350878746716E-002
  -1.4407222934214464E-002
   4.5704320372134547E-003
  -8.6989221718858161E-004
   3.1864131975596545E-002
   2.4723673403898992E-002
  -0.2382402738097362     
  -1.1570588399257827E-003
  -4.1107770480566814E-003
   1.5231115279606451E-002
  -1.2124972510790171E-003
  -0.2224167817737526     
  -1.1691386173449387E-003
  -1.9601348822408859E-003
   3.1745613274073840E-003
   1.4231670833655848E-002
   5.1036484745587071E-002
  -3.8096183559417286E-003
  -1.3665141218281897E-004
  -1.2430172445314825E-002
  -0.1557590763782301     
  -5.1114078035396611E-004
  -0.1136856460649891     
   1.9206806302170744E-003
  -2.4792821813324626E-002
  -2.0826983172524371E-005
  -1.8440088604985316E-002
  -0.2312642134886742     
  -0.4694855064571949     
  -0.2098750351490951     
   2.5775215356968317E-003
  -1.2967237257642198E-003
  -1.7396406668564290E-002
  -2.5906163627384213E-002
   9.3710657591280028E-002
   0.1093760031630670     
  -2.4133504033044345E-002
  -0.3610891188370536     
  -0.3499395716111754     
  -0.4761682092020584     
  -0.4268931296292044     
  -6.2401736578506612E-004
  -2.6410281547238094E-003
   0.1934471995754270     
  -2.5549974111737945E-004
  -1.7393895100217049E-002
   8.9280702114973731E-005
  -0.3645966292764600     
  -9.9234193036127900E-004
   1.0416737789973000E-004
  -2.3354699829524270E-004
  -1.5131531692788756E-004
  -7.8474539416923083E-005
   5.1606064370277852E-004
   0.1284522730615216     
   8.7594604004602136E-004
  -1.1336618404201677E-004
   3.3987980378838499E-004
   1.1223941402269883E-003
   4.3910278362613141E-003
  -8.2486070151781472E-004
   0.1716949804119315     
   7.3756569833593716E-002
   8.1697421458068776E-005
   5.3440164934075065E-004
   4.4110445737494328E-002
   1.8080171156906294E-004
   0.1699374012189885     
  -9.9937199196593416E-003
  -2.5977281873188346E-005
   2.2414881576467037E-003
  -2.2707152833614065E-002
  -1.1612179369144869E-002
   4.8602682109497968E-003
   1.9604455005985621E-003
   1.6349408601131494E-004
  -1.1728591367068046E-003
  -3.4631439064028750E-004
  -1.3841971803208726E-003
  -5.0981701093228454E-006
   8.3302740217207902E-004
   0.2754818069176410     
  -1.8028995517797387E-002
  -2.4880520022398843E-004
   0.2516003321109702     
