 ethylene test input for prim2z
 number of atoms
 8
 number of primitives
 28
 Adjacency matrix
     0,     0,     0,     0,     1,     0,     0,     0
     0,     0,     0,     0,     0,     1,     0,     0
     0,     0,     0,     0,     0,     0,     1,     0
     0,     0,     0,     0,     0,     0,     0,     1
     1,     0,     0,     0,     0,     1,     0,     1
     0,     1,     0,     0,     1,     0,     1,     0
     0,     0,     1,     0,     0,     1,     0,     1
     0,     0,     0,     1,     1,     0,     1,     0
primlst
1
1
1
1
1
1
1
1
2
2
2
2
2
2
2
2
2
2
2
2
4
4
4
4
4
4
4
4    
prims
1
2
3
4
5
6
7
8
9
10
11
12
13
14
15
16
17
18
19
20
21
22
23
24
25
26
27
28  
primindx
1,5,0,0
2,6,0,0
3,7,0,0
4,8,0,0
5,6,0,0
6,7,0,0
7,8,0,0
8,5,0,0
1,5,6,0
1,5,8,0
6,8,5,0
2,6,5,0
2,6,7,0
5,6,7,0
3,7,6,0
3,7,8,0
6,7,8,0
4,8,7,0
4,8,5,0
5,8,7,0
1,5,6,2
1,5,6,7
2,6,7,3
2,6,7,8
3,7,8,4
3,7,8,5
4,8,5,1
4,8,5,6  
