   1.9818834782144892e+00
  -5.3371562280871091e-03
  -2.7529912342771055e-02
   4.2750530721959046e-01
   1.2207771253486176e-02
   2.8331094210810942e-01
   2.1205492929106859e+00
  -4.4971115133833346e-02
  -2.1941332155199608e-02
   6.9149790724094817e-01
  -3.5021710510647819e-01
   7.9530823328793776e-01
   2.2355812478018438e+00
  -2.9892448622230568e-02
  -2.3343569764478364e-01
   1.8002048663712644e+00
  -1.8550222075701003e-02
   7.3572327644938229e-01
   2.0695754886537725e+00
  -3.6438970628726704e-02
   2.1628379769357006e-01
   7.4561412462250176e-01
  -4.1318870972346662e-02
   5.3337423413630930e-02
   2.0793998880002809e+00
  -1.3076398490998006e-02
  -8.0316942235959948e-02
   5.9450802773721745e-01
   8.3259591860877103e-03
   4.2223052220522184e-01
   2.1969786320723013e+00
  -2.1815066390615499e-02
  -8.9856727346425233e-02
   1.3326161027255035e+00
   8.0425357948598689e-03
   4.6455984370080128e-01
   2.4229604087374925e+00
  -3.8565704434489662e-01
  -1.5088253316614711e-01
   8.8060202984185965e-01
  -3.5568969665420329e-02
   6.0716625226615073e-01
   3.9086058993552935e+00
  -1.9411227113083978e+00
  -7.6459805181827423e-01
   1.9063603088163901e+00
  -6.3426589590274818e-01
   1.3599979894776879e+00
   2.3569339786904724e+00
  -6.6907152317937785e-02
  -1.0677300050532319e-02
   8.5641992276984991e-01
   9.8634375872976941e-03
   3.7192257191773065e-01
   2.3961508416852073e+00
   1.4285995137672895e-02
  -4.9876067694205395e-01
   1.1670044271320206e+00
   3.4620916052072820e-02
   1.0390304782001105e+00
   2.2460750678174990e+00
  -4.5060765067036403e-03
  -7.3897038313997755e-03
   1.0733461257074717e+00
  -6.3386692209494677e-01
   1.3219524738822337e+00
   1.1552410343282279e+01
  -1.1127721887583661e+01
   4.4071264204301568e-03
   2.1589563859093035e+00
  -1.8149711657880943e-03
   1.4879716196465933e+00
   2.7945771114555162e+00
  -1.0831102737303313e+00
  -1.8099129762401304e-02
   1.4231392880521603e+00
  -7.6737597191413889e-02
   7.7610820490840049e-01
   2.4013391148412442e+00
  -5.9527669143458173e-01
  -3.7159738347399378e-02
   1.0427884176566384e+00
  -1.3346512327315716e-02
   3.0532116206331578e-01
   2.2149660241546094e+00
  -4.3836712170172883e-02
  -8.7504039088402170e-03
   2.5889115362474624e+00
  -9.3975986401085882e-04
   2.7723975774708748e-01
   2.9204514269311281e+00
  -1.1524359348691247e-03
  -1.4608322231822886e+00
   3.9632350152300833e-01
   1.6537695507691642e-03
   1.4601179479595583e+00
   2.8986108886295998e+00
  -4.0667749593090341e-01
  -2.3095113801165343e-01
   1.1574053647857072e+00
  -1.5119714386942077e-02
   7.7845842117209496e-01
   2.6241780146647651e+00
  -1.1913360854652691e-01
  -1.9593795868262595e-01
   8.2093862732100342e-01
   1.8964832733071224e-01
   5.2724556656397514e-01
   3.0918713092808852e+00
  -1.8024724498787276e-01
  -8.3292476360653067e-01
   4.0267369009097544e+00
  -3.8336892924339105e+00
   1.5993971585853242e+00
   2.7689275674564264e+00
  -6.5360203594442723e-01
  -6.0868913853881802e-03
   1.2332043860055981e+00
  -6.6989465196735116e-03
   2.6730773729954194e-01
   3.4001230167098173e+00
  -3.0665438643417009e-01
  -1.5079008381513479e+00
   1.7836910765174216e+00
  -1.4372177297999686e+00
   1.7093747197340683e+00
   2.4197135238844862e+00
   2.1430903058013456e-02
  -5.7122334710333046e-02
   8.4156650759414320e-01
  -3.7916270397805973e-03
   3.6865378660513720e-01
   2.5823927146515260e+00
  -5.4681165765972561e-01
  -3.5880050417374004e-01
   4.4185370616847415e+00
  -4.1923150312279063e+00
   1.3188589363286434e+00
   6.7744693349835686e+01
  -6.7661907066490414e+01
  -1.3851834786483119e-03
   2.3875418165804176e+00
  -3.9291183190813289e-02
   4.8039380045072633e-01
   2.2833202631376555e+00
  -6.6333601601468964e-02
  -1.2580288572033738e-01
   1.3683728027584607e+00
  -6.4041854269331455e-01
   9.4681191203709358e-01
   2.7478224267422315e+00
  -2.2969008236177363e-01
  -1.5546865241617101e-02
   7.8228596526631033e-01
   1.7380234254846203e-05
   1.1584072609854179e+00
   5.7531347666098052e+00
  -4.5878340203275902e+00
  -3.7764000510469707e-02
   2.3718411194852549e+00
  -9.5373088535944034e-02
   4.7777186115078840e-01
   2.5079855788573719e+00
  -2.3360356150276176e-02
  -2.7609466386250062e-02
   5.8944885085798149e-01
  -1.7950054805679577e-01
   4.5491550404505621e-01
   2.7665853801323892e+00
  -6.2947138396307903e-02
  -2.4405455374152743e-01
   9.6912532597196810e-01
  -5.3122388643516250e-01
   9.9449500750535391e-01
   3.6410685393705866e+00
  -1.8139187510760235e+00
  -3.0434929097075559e-03
   1.8301448294449831e+00
  -6.8803519782672665e-03
   4.5940611194646092e-01
   2.6121821789670294e+00
   2.0930817140623510e-03
  -5.8175615558268556e-02
   5.5668603676684236e-01
   3.4966369226972320e-02
   5.5297177536207953e-01
   2.1794169777871657e+00
  -1.3439383451559867e-02
  -2.8124164568522493e-02
   5.5563089945924016e-01
  -1.6348723137613302e-01
   4.3333166298050407e-01
   2.4586954360854572e+00
   1.0640006297151844e-01
  -3.1520418252295418e-01
   5.7503252587495366e+00
  -5.7960441936125209e+00
   8.0124464831305098e-01
   2.4519588588392729e+00
  -4.9752390760903858e-01
  -2.3119355282606510e-01
   1.0987122630665402e+00
  -1.7975649284493987e-02
   6.8770544873164730e-01
   2.1489858768089101e+00
   2.1334661348304446e-01
  -2.4646277817050416e-01
   6.0351521934845920e-01
   1.3603741267293226e-01
   2.3825478826319893e-01
   2.3572018528606593e+00
  -4.8634209831410036e-02
   2.2907170535257731e-03
   4.7971791980359690e-01
   1.3447913040426461e-02
   3.4734522479025159e-01
   3.1225002075978634e+00
  -2.2101321918714253e-01
  -7.0902960062062270e-01
   1.4776904462787834e+00
   2.8698528646930271e-02
   1.2154222446538929e+00
   3.9340420092313861e+00
  -1.7684369657173463e-01
  -2.1266094882661055e+00
   7.6765251657161371e-01
  -2.1414608936253046e-01
   1.9739163831688562e+00
   2.3318008529114498e+00
  -3.1998523727588275e-02
  -1.1721614597463263e-02
   1.0385150572227705e+01
  -3.5655767745009558e-05
   2.8858406054621566e-01
   2.2589219225241468e+00
  -3.4537147333199575e-01
   2.0635041798730751e-03
   8.7923382328235411e-01
   6.6299470217276446e-03
   3.1091782257662726e-01
   2.9705180229575543e+00
  -3.3237760958528439e-01
  -9.2090604432237311e-01
   9.2912550377460912e-01
  -2.6538875504102594e-01
   1.3381658630565945e+00
   2.0977816859579148e+00
  -2.3475687934876161e-02
  -9.5911551923146786e-03
   6.4394371142762941e-01
   2.2019286526885038e-02
   4.2702086915065901e-01
   2.2707611732334003e+00
  -1.8366457305346695e-01
  -1.5256308160538011e-02
   6.6447689552187272e-01
  -4.9303930245954593e-03
   2.3906639492287030e-01
   2.4902404502741136e+00
  -3.1863385208461992e-01
  -8.2647249756248306e-02
   1.2469907812797927e+00
  -1.4918435252019517e-02
   4.2486428412676053e-01
   2.5903704052355709e+00
  -3.2524033543766168e-01
  -2.9293978361451695e-01
   1.3208109504357582e+01
  -1.3153520606425683e+01
   1.2025538832211147e+00
   1.4408111746113550e+01
  -1.4051559336776254e+01
   6.7785847030499202e-03
   2.2718901446693263e+00
   3.4071221310593001e-02
   6.7046837396933678e-01
   2.4721886541827396e+00
  -5.9275420241383034e-02
  -1.3950981631379530e-01
   1.8630309365786430e+00
  -1.0311634003306780e+00
   1.2317180836970643e+00
   2.5379428356951412e+00
  -3.6773713986255709e-02
  -3.7730038425163370e-01
   5.7465176351316751e+00
   5.9381323432383237e-03
   9.3896125112419615e-01
   2.1481140435088628e+00
   7.5871704544921252e-03
  -8.6808757487445348e-02
   2.4241170300340187e+00
  -2.2539176682445428e+00
   9.5927082369823913e-01
   2.5720611104516631e+00
   4.4328863799399749e-03
  -7.4881194933990491e-01
   2.5072902615632668e+00
  -7.4907070402963820e-04
   1.1794538545452535e+00
   2.1992809644314111e+00
  -2.8501650606162974e-02
   2.7935370856474332e-03
   1.7230022217168954e+00
   1.0669178479686655e-02
   4.5325991885586747e-01
   2.1738426704006772e+00
  -5.6283621500087200e-02
  -1.0678678958551971e-01
   1.3149365237684076e+00
  -1.1125938217665039e+00
   6.3400071160340965e-01
   2.1899260475483495e+00
   2.0105004619758622e-02
   8.5337215807022391e-03
   5.7698540839752388e+00
   9.8400123849173321e-02
   1.1311731937852940e+00
   2.0957786018336941e+00
   3.2191845271997893e-02
  -1.8707325526687404e-01
   9.6181332459446234e-01
  -6.7263171981102885e-03
   5.9996184713573897e-01
   3.1761093965968040e+01
  -7.2519944015102351e-03
  -3.1605374492279090e+01
   9.4031632418228817e-01
  -1.7705877331261025e-01
   2.2079811833684166e+00
   2.2675235934663767e+00
  -2.4265022071946338e-01
  -1.0559135470814426e-02
   7.8835266791870784e-01
   3.9338767856496329e-02
   6.1123819552281289e-01
   1.9998939013339743e+00
  -1.2912692186672707e-02
  -1.6286892013748281e-02
   3.0255323383201951e+00
   2.1706526641572885e-02
   5.8353394421175853e-01
   7.7880530818743887e+00
  -7.2632546975667660e+00
  -8.3969726905813499e-03
   1.9541718484515738e+00
  -2.3232293048377227e-02
   5.0525322016016427e-01
   2.8464610002695778e+00
  -1.3331912275037843e+00
  -4.4508958056944228e-02
   1.7433031073845353e+00
  -1.3861198778716279e-02
   4.6743429460878827e-01
   2.1218425823325826e+00
  -6.2635454796199183e-02
  -2.5847712566333558e-02
   1.2888749845593358e+01
   5.7650404660835822e-03
   7.0659142778012596e-01
   2.0221102336574610e+00
  -3.0366596818486038e-03
  -4.1610517669837893e-02
   2.3443395720521469e+01
   5.5024881815487006e-04
   3.8841614721800705e-01
   3.1778200940945802e+00
  -1.5770738329365697e-02
  -1.8635447333896300e+00
   4.6780288858278629e+00
  -4.6123106019693993e-03
   1.5773382987527955e+00
   4.1937231978718250e+00
   4.3711525380228428e-04
  -3.2397855511922766e+00
   6.9031322639799186e-01
   1.5844803660239601e-03
   1.7689139524282229e+00
   4.9162657841894593e+00
  -4.1083247532400540e+00
  -8.2623585411494595e-03
   1.8368540870355319e+00
  -1.4973289564158606e-02
   3.3472070353909916e-01
