64 terms with the largest linear coef's from h2p-128rc.in2

  0.12278269737150
   0.08591492182680
   0.07362203995357
   0.06098460394669
   0.05967867360162
   0.05545195621022
   0.04594566651128
   0.04215452287178
   0.04063096427293
   0.04036874325823
   0.03580906270693
   0.03298575021753
   0.02556669028210
   0.01953597070454
   0.01863040357578
   0.01659756960608
   0.01525928433259
  -0.01450357801700
  -0.01378825261069
   0.01295810220485
   0.01253901660373
   0.01195864536018
   0.01077029320692
  -0.01063492761535
  -0.00964814824215
  -0.00948272829647
  -0.00906103890469
   0.00835113772212
   0.00569794128712
   0.00527873285551
   0.00521111896882
  -0.00463073539174
   0.00438544186341
   0.00401813702188
  -0.00289314785093
  -0.00287027318068
   0.00282243799540
   0.00270423809998
  -0.00234202601871
   0.00217777148359
  -0.00144500679148
  -0.00090732514316
  -0.00085168367320
   0.00057884967482
   0.00047944806079
   0.00046763814556
  -0.00033773309461
   0.00026724086063
   0.00022718255410
  -0.00020572593033
   0.00019075504361
   0.00016157626869
   0.00006753493286
  -0.00002370689869
   0.00002036577098
   0.00001589473386
  -0.00001093161671
   0.00001038166250
  -0.00000977809477
   0.00000870769676
   0.00000847305474
  -0.00000790508093
   0.00000613360404
  -0.00000593077668


spwr(1:64)

 24
    24
    20
    12
    28
    28
    24
    26
    16
    26
    18
    18
    28
    26
    24
    14
    24
    20
    20
    22
    16
    16
    30
    26
    18
    22
    26
    30
    26
    26
    28
    30
    16
    16
    12
    18
    18
    14
    22
    18
    22
    20
    18
    26
    20
    20
    20
    26
    24
    30
    24
    28
    24
    20
    14
    22
    14
    30
    22
    12
    26
    16
    24
    12

spt(1:64*3)
 1.8529489400793600e+00
  -1.1341649386489550e-01
   4.9228066845586133e-01
   1.8109863619284441e+00
  -9.1032230763778751e-03
   7.2827700863624723e-01
   1.6464744751254421e+00
  -1.6904089916673748e-02
   1.0117963926180620e+00
   1.2717705675702049e+00
  -3.9122350379416908e-02
   1.4331395217675711e+00
   1.7362133203784731e+00
  -1.1692225596509710e-02
   6.5062105607628629e-01
   1.7123509430818140e+00
  -1.7940980673236236e-02
   4.4545676092219039e-01
   1.7376638460113449e+00
  -1.1580383684524255e-02
   3.6332668937178292e-01
   1.6924519553485400e+00
  -5.6767930075783984e-02
   5.8466291919792390e-01
   1.2959481025898429e+00
  -1.7408493426174641e-02
   3.7960103785947452e-01
   1.9264921136475921e+00
  -1.9460140792119909e-01
   7.1779625372801781e-01
   1.4012485915695361e+00
   3.1974335169259266e-02
   5.4501662849509724e-01
   1.4721022864616780e+00
  -3.7237483467588775e-02
   2.0586359962035070e+00
   1.7384430073014261e+00
  -4.3617042901248652e-03
   9.2564723567248397e-01
   1.7511330043884721e+00
  -3.9502303376059161e-01
  -7.3936859960324453e-01
   2.0157295660636310e+00
  -5.7504723600393895e-02
   6.6187365509336904e-01
   1.3363338854794700e+00
   2.2260050534071044e-02
   1.3090620252958229e+00
   1.8402812288409991e+00
  -1.6835080502577740e-01
   1.0612307720787311e+00
   1.4007815222994411e+00
  -3.1305074646476035e-02
   1.5335412136848130e+00
   1.9562206397066670e+00
  -1.6704271940380633e-03
   1.3319623008758170e+00
   1.5454318266487159e+00
  -4.2997327652038640e-02
   2.7609008073687180e-01
   1.3582950392184510e+00
  -1.2130062718327193e-02
   4.0046546472421261e+00
   1.4208781027165380e+00
  -1.7100295192904447e-02
   2.9548458347861390e+00
   1.5621139921610150e+00
  -3.2017729794104929e-02
   5.4816156389217441e-01
   2.6817802705562990e+00
  -1.7026468609168630e+00
   1.3145900117052891e+00
   1.3932225233733910e+00
  -1.3648204051675314e-02
   3.8434024126848350e+00
   1.4719994127657690e+00
   5.4450232951484677e-02
   5.2958944268088037e-01
   6.9038745297727502e+00
  -6.4386075150943292e+00
   1.7436137401816210e+00
   1.8431942283926459e+00
  -3.1014912731000333e-01
   8.2254909027158218e-01
   1.8609221481305009e+00
  -2.3236389240020652e-02
   6.4478297194508754e+00
   2.2425476742890749e+00
  -2.8296422601026228e-01
   9.2833796517270972e-01
   1.8096793357324230e+00
  -2.3121038611064848e-02
  -6.7185735473789840e+00
  -1.4826488207205870e+00
   1.7509906506903903e-02
   4.0351482812322798e-01
   1.3311949295443519e+00
   1.3890971431865240e-02
   1.7535496326305631e+00
   1.3441919363451511e+00
   5.4511101841054357e-02
   4.2419937249035439e-01
   1.2761433998330229e+00
   2.0403528370864839e-02
   3.6069268153854273e-01
   2.1796384531154391e+00
   4.6771685906738622e-02
   1.4494636376716299e+00
   2.0306045268898378e+00
   7.3833298488033022e-02
   1.4606957352194561e+00
   1.6181816132130740e+00
  -4.0602482793267458e-01
   1.5203191261043680e+00
   2.1013338520480049e+00
   2.3008508578385607e-02
   1.7138845609785160e+00
   1.4540216023993029e+00
   1.6996676485588480e-01
   1.9138746872110901e+00
   2.6515517053677522e+00
  -7.8054617226436629e-01
   1.3552738116537510e+00
   2.0338931159406259e+00
   8.5764658774685281e-04
   3.2728885517207811e+00
   1.3997045765768170e+00
   2.2537723670201451e-01
   1.8447389739874389e+00
   1.8569982356983681e+00
  -1.7794112899108695e-02
   9.6649025184081179e+00
   1.7209678332281200e+00
  -2.2752305218123561e-01
   3.8977029313349689e+00
   1.8420056388689450e+00
  -3.4808184352268251e-01
   2.4362249505317082e+00
   2.7565405694954359e+00
  -9.4134861900654190e-02
   1.4817552792436770e+00
   1.6854421765460190e+00
  -3.5110554807197422e-02
   2.4101365744016260e+01
   2.0342312125308890e+00
  -7.0159673397023323e-02
   7.7575980487664209e+00
   1.7760999070428189e+00
  -3.8999092016983386e-02
   2.3609794050699961e+01
   1.6454058022998319e+00
  -1.9177493298094161e-02
   1.4968153247413870e+01
   1.5912229707613590e+00
  -5.5559700247001156e-03
   8.7146667959880197e+00
   1.9999249619889981e+00
  -3.3952683617317729e-02
   1.6493685835400040e+01
   2.6815204080434150e+00
   2.0735820516651651e-01
   9.8526481354187734e-01
   2.5604161587297982e+00
   6.2263014219589741e-01
   1.4447743191322959e+00
   1.8200175337892250e+00
  -2.9693627357186284e-02
   4.1036581091409239e+01
   1.3624784518757900e+00
   6.3040512145525018e-01
   2.0317504356362961e+00
   2.7468528341551530e+00
   2.5788340371195539e-01
  -4.0474133518370409e-01
   3.4883325592470440e+00
   3.8576345654963662e-01
   1.5347975103966911e+00
   2.8822044651267311e+00
   1.4127295084108890e-01
   6.8232355531689737e-01
   1.6563510537397641e+00
  -2.9453904484873744e-03
   5.0969208310317271e+01
   2.3895195329954180e+00
   8.4639008572744767e-01
   1.5929082583707479e+00
   1.7502546814694551e+00
   5.6942502213088897e-01
   1.3057046556728660e+00
   2.9027905729022421e+00
   3.6595004933285019e-01
   1.1623765456643200e+00

