sorted parameters for h2p-128rc.in2

soreted evec 

  1.2278269737149861e-01
   8.5914921826797400e-02
   7.3622039953572221e-02
   6.0984603946688851e-02
   5.9678673601622767e-02
   5.5451956210217479e-02
   4.5945666511281728e-02
   4.2154522871784915e-02
   4.0630964272931148e-02
   4.0368743258231560e-02
   3.5809062706934749e-02
   3.2985750217531348e-02
   2.5566690282103101e-02
   1.9535970704536602e-02
   1.8630403575780930e-02
   1.6597569606080696e-02
   1.5259284332586052e-02
  -1.4503578017001367e-02
  -1.3788252610693953e-02
   1.2958102204850771e-02
   1.2539016603725734e-02
   1.1958645360183736e-02
   1.0770293206921957e-02
  -1.0634927615351336e-02
  -9.6481482421457154e-03
  -9.4827282964656291e-03
  -9.0610389046927534e-03
   8.3511377221225803e-03
   5.6979412871220343e-03
   5.2787328555091058e-03
   5.2111189688247147e-03
  -4.6307353917447898e-03
   4.3854418634102664e-03
   4.0181370218796333e-03
  -2.8931478509295373e-03
  -2.8702731806800040e-03
   2.8224379954034395e-03
   2.7042380999790926e-03
  -2.3420260187080261e-03
   2.1777714835886741e-03
  -1.4450067914795776e-03
  -9.0732514315897237e-04
  -8.5168367319682315e-04
   5.7884967481527071e-04
   4.7944806079161376e-04
   4.6763814556224556e-04
  -3.3773309460588904e-04
   2.6724086063434544e-04
   2.2718255410019491e-04
  -2.0572593032895325e-04
   1.9075504361196340e-04
   1.6157626869405740e-04
   6.7534932857624488e-05
  -2.3706898687537659e-05
   2.0365770976486472e-05
   1.5894733855091909e-05
  -1.0931616711698430e-05
   1.0381662496705293e-05
  -9.7780947736479667e-06
   8.7076967611840171e-06
   8.4730547400518062e-06
  -7.9050809283905789e-06
   6.1336040449619074e-06
  -5.9307766759930828e-06
   5.4911897329453638e-06
   4.1377663743376923e-06
   3.9705252064549368e-06
  -3.8584024295733503e-06
  -3.7840457238453440e-06
   2.4075938235540182e-06
  -2.3712498222856872e-06
  -1.8697076215415222e-06
  -1.6989707993093729e-06
   1.5243915860259003e-06
  -7.0413947574944205e-07
   7.0274495476437712e-07
   6.6429264249443285e-07
   6.5277673097894107e-07
   5.9779499865993669e-07
  -5.7636243911997270e-07
   5.6478289710035687e-07
   4.8436897512709452e-07
  -4.4801832409207245e-07
   3.8348032978205543e-07
  -2.6765399241403999e-07
   2.6473533419892769e-07
   2.3803611520363294e-07
   1.7920857171238330e-07
  -1.1737392704149203e-07
   8.9695427123829279e-08
   8.4504426934402963e-08
  -7.7462888847865846e-08
   6.8433623484525979e-08
  -5.2608393576156291e-08
  -5.2566996735410795e-08
   4.9384650782901452e-08
  -3.8415671360759825e-08
  -3.3833326020482673e-08
   3.2833919187893373e-08
  -2.6789330249403175e-08
   2.3444528368001816e-08
  -2.2229184044739221e-08
  -1.7500263811832064e-08
   1.1003926429774270e-08
  -9.5214895000304802e-09
  -1.0499908038903188e-09
   5.0323284615004687e-10
   2.2552708660670824e-10
   1.0592643732054184e-10
  -5.6402852030105696e-11
   5.5314929405062717e-11
   3.0431135680976589e-11
  -2.1384511681851116e-11
   1.5937147879169062e-11
   8.8618138546853036e-12
  -6.2693090208313529e-12
  -2.8439805920168853e-12
  -2.3463023053442313e-12
   1.9907841337095645e-12
  -1.7931565457030993e-12
  -1.2862818892781735e-12
   7.7473484008684635e-13
   2.5225540105500616e-13
   4.1228935438975359e-14
   3.3164634879566258e-14
   3.8006483086919016e-15
  -1.7320146467516415e-17
   4.6473705645669260e-21

sorted powers

 24
    24
    20
    12
    28
    28
    24
    26
    16
    26
    18
    18
    28
    26
    24
    14
    24
    20
    20
    22
    16
    16
    30
    26
    18
    22
    26
    30
    26
    26
    28
    30
    16
    16
    12
    18
    18
    14
    22
    18
    22
    20
    18
    26
    20
    20
    20
    26
    24
    30
    24
    28
    24
    20
    14
    22
    14
    30
    22
    12
    26
    16
    24
    12
 12
    18
    22
    18
    16
    18
    14
    26
    20
    20
    26
    12
    24
    24
    28
    16
    18
    14
    24
    20
    20
    16
    16
    16
    26
    14
    24
    16
    18
    20
    18
    30
    18
    24
    26
    22
    22
    28
    22
    22
    22
    22
    18
    16
    12
    20
    14
    16
    20
    16
    26
    22
    28
    16
    18
    20
    22
    12
    22
    30
    24
    26
    30
    24


   2.4000000000000000e+01
   2.4000000000000000e+01
   2.0000000000000000e+01
   1.2000000000000000e+01
   2.8000000000000000e+01
   2.8000000000000000e+01
   2.4000000000000000e+01
   2.6000000000000000e+01
   1.6000000000000000e+01
   2.6000000000000000e+01
   1.8000000000000000e+01
   1.8000000000000000e+01
   2.8000000000000000e+01
   2.6000000000000000e+01
   2.4000000000000000e+01
   1.4000000000000000e+01
   2.4000000000000000e+01
   2.0000000000000000e+01
   2.0000000000000000e+01
   2.2000000000000000e+01
   1.6000000000000000e+01
   1.6000000000000000e+01
   3.0000000000000000e+01
   2.6000000000000000e+01
   1.8000000000000000e+01
   2.2000000000000000e+01
   2.6000000000000000e+01
   3.0000000000000000e+01
   2.6000000000000000e+01
   2.6000000000000000e+01
   2.8000000000000000e+01
   3.0000000000000000e+01
   1.6000000000000000e+01
   1.6000000000000000e+01
   1.2000000000000000e+01
   1.8000000000000000e+01
   1.8000000000000000e+01
   1.4000000000000000e+01
   2.2000000000000000e+01
   1.8000000000000000e+01
   2.2000000000000000e+01
   2.0000000000000000e+01
   1.8000000000000000e+01
   2.6000000000000000e+01
   2.0000000000000000e+01
   2.0000000000000000e+01
   2.0000000000000000e+01
   2.6000000000000000e+01
   2.4000000000000000e+01
   3.0000000000000000e+01
   2.4000000000000000e+01
   2.8000000000000000e+01
   2.4000000000000000e+01
   2.0000000000000000e+01
   1.4000000000000000e+01
   2.2000000000000000e+01
   1.4000000000000000e+01
   3.0000000000000000e+01
   2.2000000000000000e+01
   1.2000000000000000e+01
   2.6000000000000000e+01
   1.6000000000000000e+01
   2.4000000000000000e+01
   1.2000000000000000e+01
   1.2000000000000000e+01
   1.8000000000000000e+01
   2.2000000000000000e+01
   1.8000000000000000e+01
   1.6000000000000000e+01
   1.8000000000000000e+01
   1.4000000000000000e+01
   2.6000000000000000e+01
   2.0000000000000000e+01
   2.0000000000000000e+01
   2.6000000000000000e+01
   1.2000000000000000e+01
   2.4000000000000000e+01
   2.4000000000000000e+01
   2.8000000000000000e+01
   1.6000000000000000e+01
   1.8000000000000000e+01
   1.4000000000000000e+01
   2.4000000000000000e+01
   2.0000000000000000e+01
   2.0000000000000000e+01
   1.6000000000000000e+01
   1.6000000000000000e+01
   1.6000000000000000e+01
   2.6000000000000000e+01
   1.4000000000000000e+01
   2.4000000000000000e+01
   1.6000000000000000e+01
   1.8000000000000000e+01
   2.0000000000000000e+01
   1.8000000000000000e+01
   3.0000000000000000e+01
   1.8000000000000000e+01
   2.4000000000000000e+01
   2.6000000000000000e+01
   2.2000000000000000e+01
   2.2000000000000000e+01
   2.8000000000000000e+01
   2.2000000000000000e+01
   2.2000000000000000e+01
   2.2000000000000000e+01
   2.2000000000000000e+01
   1.8000000000000000e+01
   1.6000000000000000e+01
   1.2000000000000000e+01
   2.0000000000000000e+01
   1.4000000000000000e+01
   1.6000000000000000e+01
   2.0000000000000000e+01
   1.6000000000000000e+01
   2.6000000000000000e+01
   2.2000000000000000e+01
   2.8000000000000000e+01
   1.6000000000000000e+01
   1.8000000000000000e+01
   2.0000000000000000e+01
   2.2000000000000000e+01
   1.2000000000000000e+01
   2.2000000000000000e+01
   3.0000000000000000e+01
   2.4000000000000000e+01
   2.6000000000000000e+01
   3.0000000000000000e+01
   2.4000000000000000e+01

sorted exponents

   1.8529489400793600e+00
  -1.1341649386489550e-01
   4.9228066845586133e-01
   1.8109863619284441e+00
  -9.1032230763778751e-03
   7.2827700863624723e-01
   1.6464744751254421e+00
  -1.6904089916673748e-02
   1.0117963926180620e+00
   1.2717705675702049e+00
  -3.9122350379416908e-02
   1.4331395217675711e+00
   1.7362133203784731e+00
  -1.1692225596509710e-02
   6.5062105607628629e-01
   1.7123509430818140e+00
  -1.7940980673236236e-02
   4.4545676092219039e-01
   1.7376638460113449e+00
  -1.1580383684524255e-02
   3.6332668937178292e-01
   1.6924519553485400e+00
  -5.6767930075783984e-02
   5.8466291919792390e-01
   1.2959481025898429e+00
  -1.7408493426174641e-02
   3.7960103785947452e-01
   1.9264921136475921e+00
  -1.9460140792119909e-01
   7.1779625372801781e-01
   1.4012485915695361e+00
   3.1974335169259266e-02
   5.4501662849509724e-01
   1.4721022864616780e+00
  -3.7237483467588775e-02
   2.0586359962035070e+00
   1.7384430073014261e+00
  -4.3617042901248652e-03
   9.2564723567248397e-01
   1.7511330043884721e+00
  -3.9502303376059161e-01
  -7.3936859960324453e-01
   2.0157295660636310e+00
  -5.7504723600393895e-02
   6.6187365509336904e-01
   1.3363338854794700e+00
   2.2260050534071044e-02
   1.3090620252958229e+00
   1.8402812288409991e+00
  -1.6835080502577740e-01
   1.0612307720787311e+00
   1.4007815222994411e+00
  -3.1305074646476035e-02
   1.5335412136848130e+00
   1.9562206397066670e+00
  -1.6704271940380633e-03
   1.3319623008758170e+00
   1.5454318266487159e+00
  -4.2997327652038640e-02
   2.7609008073687180e-01
   1.3582950392184510e+00
  -1.2130062718327193e-02
   4.0046546472421261e+00
   1.4208781027165380e+00
  -1.7100295192904447e-02
   2.9548458347861390e+00
   1.5621139921610150e+00
  -3.2017729794104929e-02
   5.4816156389217441e-01
   2.6817802705562990e+00
  -1.7026468609168630e+00
   1.3145900117052891e+00
   1.3932225233733910e+00
  -1.3648204051675314e-02
   3.8434024126848350e+00
   1.4719994127657690e+00
   5.4450232951484677e-02
   5.2958944268088037e-01
   6.9038745297727502e+00
  -6.4386075150943292e+00
   1.7436137401816210e+00
   1.8431942283926459e+00
  -3.1014912731000333e-01
   8.2254909027158218e-01
   1.8609221481305009e+00
  -2.3236389240020652e-02
   6.4478297194508754e+00
   2.2425476742890749e+00
  -2.8296422601026228e-01
   9.2833796517270972e-01
   1.8096793357324230e+00
  -2.3121038611064848e-02
  -6.7185735473789840e+00
  -1.4826488207205870e+00
   1.7509906506903903e-02
   4.0351482812322798e-01
   1.3311949295443519e+00
   1.3890971431865240e-02
   1.7535496326305631e+00
   1.3441919363451511e+00
   5.4511101841054357e-02
   4.2419937249035439e-01
   1.2761433998330229e+00
   2.0403528370864839e-02
   3.6069268153854273e-01
   2.1796384531154391e+00
   4.6771685906738622e-02
   1.4494636376716299e+00
   2.0306045268898378e+00
   7.3833298488033022e-02
   1.4606957352194561e+00
   1.6181816132130740e+00
  -4.0602482793267458e-01
   1.5203191261043680e+00
   2.1013338520480049e+00
   2.3008508578385607e-02
   1.7138845609785160e+00
   1.4540216023993029e+00
   1.6996676485588480e-01
   1.9138746872110901e+00
   2.6515517053677522e+00
  -7.8054617226436629e-01
   1.3552738116537510e+00
   2.0338931159406259e+00
   8.5764658774685281e-04
   3.2728885517207811e+00
   1.3997045765768170e+00
   2.2537723670201451e-01
   1.8447389739874389e+00
   1.8569982356983681e+00
  -1.7794112899108695e-02
   9.6649025184081179e+00
   1.7209678332281200e+00
  -2.2752305218123561e-01
   3.8977029313349689e+00
   1.8420056388689450e+00
  -3.4808184352268251e-01
   2.4362249505317082e+00
   2.7565405694954359e+00
  -9.4134861900654190e-02
   1.4817552792436770e+00
   1.6854421765460190e+00
  -3.5110554807197422e-02
   2.4101365744016260e+01
   2.0342312125308890e+00
  -7.0159673397023323e-02
   7.7575980487664209e+00
   1.7760999070428189e+00
  -3.8999092016983386e-02
   2.3609794050699961e+01
   1.6454058022998319e+00
  -1.9177493298094161e-02
   1.4968153247413870e+01
   1.5912229707613590e+00
  -5.5559700247001156e-03
   8.7146667959880197e+00
   1.9999249619889981e+00
  -3.3952683617317729e-02
   1.6493685835400040e+01
   2.6815204080434150e+00
   2.0735820516651651e-01
   9.8526481354187734e-01
   2.5604161587297982e+00
   6.2263014219589741e-01
   1.4447743191322959e+00
   1.8200175337892250e+00
  -2.9693627357186284e-02
   4.1036581091409239e+01
   1.3624784518757900e+00
   6.3040512145525018e-01
   2.0317504356362961e+00
   2.7468528341551530e+00
   2.5788340371195539e-01
  -4.0474133518370409e-01
   3.4883325592470440e+00
   3.8576345654963662e-01
   1.5347975103966911e+00
   2.8822044651267311e+00
   1.4127295084108890e-01
   6.8232355531689737e-01
   1.6563510537397641e+00
  -2.9453904484873744e-03
   5.0969208310317271e+01
   2.3895195329954180e+00
   8.4639008572744767e-01
   1.5929082583707479e+00
   1.7502546814694551e+00
   5.6942502213088897e-01
   1.3057046556728660e+00
   2.9027905729022421e+00
   3.6595004933285019e-01
   1.1623765456643200e+00
   2.7555225121249469e+00
   2.5217422778906518e-01
   4.2091625417206902e-01
   2.3585989864049002e+00
   5.8809167424033626e-01
   1.7496954799353730e+00
   1.7019755718468550e+00
  -2.4508734290550969e-02
   9.2917804404405572e+01
   1.2926290336215620e+00
   4.7776376268276821e-01
   1.1184143335779091e+00
   2.2510223773056088e+00
   7.2697029597908180e-01
   6.1459709808982022e-01
   2.8470806915068652e+00
   4.8986100902050811e-01
   9.4432561627452105e-01
   2.9516767154558150e+00
   5.9986889051928560e-01
   4.3963043174935101e-01
   3.5596876184239439e+00
   5.9394669598713068e-01
   4.2605396720702721e-01
   2.8671960681544020e+00
   6.2242460098820807e-01
   6.0423884347709544e-01
   1.3053782716122271e+00
   7.1409112527817209e-01
   1.5667649340307350e+00
   9.4151739724806527e-01
   2.0413264219604871e-01
   6.4208889914238421e-01
   8.8150088114604774e-01
   8.9858006660603074e-01
   1.8962155810825321e+00
   1.2974491963796291e+00
   1.0043348720797609e+00
   2.3892412396425242e+00
   4.7281118732437868e+00
   1.2429221446808980e+00
   7.3359325149016108e-01
   1.8484369205005160e+00
  -7.5830862625775916e-02
   2.2663743389616971e+02
   7.4303093472064186e-01
   3.5709335731764304e-02
   1.9737029571853910e+00
   8.9516734318832947e-01
   6.9416641422234593e-01
   1.2319388377042819e+00
   1.7189062148406999e+00
   6.3421607578783412e-01
   9.8762453276139461e-01
   9.1396275967356810e-01
   9.4774471137036076e-01
   1.8774546735089170e+00
   2.6820913483845490e+00
   9.6735002124288405e-01
   1.8898742797826851e+00
   1.3743662792058220e+00
   4.4148942288509618e-01
   3.8335777567249413e-01
   2.2303274755088478e+00
   8.7095086793068921e-01
   4.1418769211135548e-01
   5.1339638398696863e-01
   1.5461048195615099e-02
   9.2476679321343502e-01
   6.3488683611884877e-01
   6.2973212338336038e-01
   2.0198916350856959e+00
   9.7232905525493085e-01
   1.1661197699915971e+00
  -1.2531469375976720e+00
   9.9485527179306632e-01
   6.6833386677820994e-01
   9.8704791244759560e-01
   9.7627508021790210e-01
   9.2326784339151013e-01
   9.6355333473952254e-01
   2.8367246801825332e+00
   5.9992398179830198e-01
   3.6249385101597198e-01
   5.8005115965328025e-01
   4.9706250228584070e-01
   1.0200646476214630e+00
   2.6236261906965952e+00
   7.2291253675612233e-01
   1.3425728344130150e+00
   1.4286010763999539e+00
   8.4571466722197775e-01
   4.9196945569378869e-01
   1.0346055182195530e+00
   1.4984516689469821e-01
   1.9432494486626301e-01
   2.4142461714950709e+00
   9.1490046774486378e-01
   2.6203540459706642e-01
   3.0651945125032343e-01
  -3.4443069587422870e-01
  -8.0237360257109069e-01
   1.9833546462763649e+00
   6.2130708727365556e-02
  -7.5453634877299017e-02
   3.6142597262262871e-01
   1.5528815814410471e-01
   1.1941065835907729e+00
   1.6324408370720771e+00
   5.3884283314148362e-01
   2.6672955361731732e-01
   7.4118874605159402e-01
  -3.1841446400126039e-01
   3.2190787437509660e-01
   3.4835436278198623e-01
  -3.4120556660606510e-01
   1.8165337822097050e+00
   1.0745164751366181e+00
  -1.7715521437100861e+00
   1.2096946171972689e+00
   3.5849843610996962e-01
   5.4821190115367813e-01
   1.5599352528301720e+00
   2.0709128136084520e+00
   8.4333752910562110e-01
   2.1602041911227021e-01
   1.7189192080368421e-01
   1.1996672861854360e-01
   8.7040901307285656e-01
   2.0243241978349380e-01
   2.7590335896404622e-01
   6.4791545002595941e-01
   4.2988371002893011e-01
   2.0848836391774270e-01
   1.1261351639990530e-01
   2.9833913614507168e-01
   9.8783859257056239e-01
   9.0023334759905205e-01
   1.2380041165964810e+00
   6.3311677727987681e-01
   1.3496239975088289e-01
   1.2152866318169819e-01
   4.6390508111252671e-01
   1.1478189755231849e+00
   2.1683364030670879e-01
   5.5020821175317158e-01
   5.2898179645443599e-01
   9.7532521023868377e-02
   4.6308401880583588e-01
   7.2089024995689166e-01
  -1.7859909378701211e-01
  -1.1077019163393971e+00
   6.6127006267993493e-01
   2.1033657878274918e+00
   4.6772494008689652e-01
   8.3706343350859247e-02
   2.4988363558502629e+00
   1.9329170984884469e-01
  -5.5620796310081412e-02
   1.1954385355386460e-01
   1.7363518439072720e-01
   9.0801032239499158e-01
   1.5492275499884059e-01
   9.3572119667923470e-01
   7.2564682990068130e-01
   6.5524034976860587e-02
   7.0699437633180862e-01
   1.4028917069948730e+00
   8.3096755467092942e-02
   6.2743077839031658e-01
   1.6204604527218971e+00
   1.9101149917810181e-01
   3.0036742464380828e-01
   1.8140284634394671e-01
   4.6203815773514878e-01
   8.3739196382587433e-01
   2.7482539603384798e-01
   2.9636498477428169e-01
   7.7305266502033076e-01
   2.8465070176557150e-01
   2.9055633517001461e-01
   6.9176215241867045e-01
   1.9193338589692341e-01
   2.2676013776569000e+00
   6.6824693254124512e-01
   8.5704976530277852e-02
   2.0521228282104600e+00
   7.6082023735045190e-02
  -2.0805046598046807e-02
   4.6845545685354005e-02
   4.8330407029239092e-01
   2.0791478823997100e-01
