    11.74023862092749     
  -5.3236396703322877E-004
   -10.83877311494546     
  -0.1508003307688331     
   9.3471554193817183E-002
    4.523777094180521     
    1.871225375223734     
   7.3506411327053614E-002
  -1.7409124985317223E-003
    2.480094560166011     
   -1.980937881984972     
   -1.022036880632196     
   0.2200018382154185     
  -3.2031979037497526E-003
  -5.2957095163518458E-002
    31.71051480632829     
   0.2958799412482263     
    8.750711897012174     
   0.6323984663382451     
   9.1437749688754529E-005
   1.2726092375719799E-002
  -0.1435072935609973     
   1.7376487315000065E-003
    1.427719941714608     
   -3.309109997841527     
  -1.7279892120544538E-002
   5.4723407953890489E-002
  -0.6904436538854647     
   2.4363594954570026E-003
    1.218654280953492     
   0.3130645160211265     
   1.7610858240707836E-002
   1.9658019255676007E-002
   -1.297974201077208     
   1.7722061230038780E-002
   -1.294763033696360     
   0.3253792005112204     
   2.5502184869331243E-002
  -1.1592005753986963E-003
   -1.370370204206115     
  -1.0927356737048009E-002
    14.00923109421012     
   0.2197185560599431     
   6.3713602865716071E-003
   4.4640973768316676E-003
   0.7512345656568455     
  -1.8945024183775134E-003
   -1.067699632595338     
  -0.9624138759514991     
  -2.7845110347093135E-002
   3.9880865862284280E-002
    1.000712378429553     
   4.8395876564298630E-003
   -4.903319338188709     
   -2.279328544453465     
    1.429490254234861     
    1.231497513262860     
    2.015584754312433     
   -1.210360819858022     
    1.912921871015020     
    3.094700082539801     
   7.4047326089942148E-002
   2.8548900288953186E-003
    2.514459477181362     
  -4.0401757041917050E-002
  -0.6732477109496013     
    7.458557736028304     
  -1.9588181429018600E-004
   9.5710565693876738E-003
  -0.2209372337357052     
   6.6580781787196888E-003
    7.683943027222135     
   -9.233450389163757     
  -8.9408680914353056E-002
   3.4356782343140685E-004
   -2.748222986771447     
   1.1392308880132611E-002
  -0.6439652633005974     
   -3.707370804953605     
  -6.3335285433078134E-002
  -2.2565849983181394E-003
    1.651332634975752     
   2.2009588369633973E-003
   0.3484830454179157     
   -10.00364691320055     
  -4.8714059267247452E-003
  -4.0914909725160006E-003
   -1.401994296572815     
    1.000405667329450     
   0.7113054694003712     
  -0.9076094262560936     
  -0.2380481925187958     
  -0.5512183517322921     
    2.557471865816825     
   7.1059077757853473E-002
    2.755616481436291     
  -0.2136437444865259     
  -1.9044279861742396E-004
   1.4461981026826205E-002
   -184.9122768093855     
  -1.1331016402259752E-003
    2.528951381684218     
   0.1287981994162133     
  -2.8013931142550617E-003
  -3.2610001681550914E-003
    1.922698467113613     
   4.6196771613718810E-002
   -1.941031093296077     
   -16.51095265239213     
    16.39275164713010     
  -4.3505272516037603E-003
    2.856694251742176     
   3.9880290172372938E-003
   0.2641022661224851     
   -2.499937794365774     
   0.2181318385073870     
   1.5398310833932402E-002
    4.317736406836180     
  -2.7861987781060919E-002
   -1.098279065719756     
   0.2301362525468122     
   3.2706295528037899E-003
   2.8609133746558034E-003
    3.676917869266802     
   0.5916995690923852     
    3.629477373169367     
   -1.141534611711945     
  -7.7609759573176304E-003
   4.1321550857837772E-002
    1.003957040390383     
   1.2282767645367034E-003
    17.39960523738552     
   -5.413016911423230     
  -0.2829906447512477     
  -5.7159444329438923E-003
    6.012035811234982     
  -0.1228201378557594     
   -5.036950128125410     
  -0.2193637657731582     
   7.4722477066470991E-002
   4.3221896285324316E-003
   -8.685585150388153     
  -0.8139763290792013     
   -31.67385839136708     
  -0.6461780198549431     
  -1.0439609035252657E-002
   5.1281374233944077E-002
   -1.925692627661908     
   2.0195780882666524E-003
  -0.5854550625265491     
  -0.7704228786650766     
  -3.5637883431202430E-002
   1.1399019065844167E-003
    21.13907247277378     
  -8.3898086953881279E-006
   0.1374152161681688     
  -0.3362925871364376     
  -3.3474367347479592E-002
  -3.5069229598458783E-002
   0.7840396234070665     
  -3.3745453911707087E-002
    20.47401333295174     
  -0.1505801439504891     
   2.8903723189778172E-003
   2.3988043312687026E-002
    2.879892522837531     
   0.2920847491778725     
    31.19521430989868     
    34.23101235974642     
   8.3051185857532500E-003
   6.7703150778842018E-004
    2.179939155201236     
  -4.2430638860444389E-002
   0.8485583594975922     
  -0.1949492152992160     
  -8.4374715613293389E-004
  -2.8417435255698978E-004
   -1.032389579410224     
  -1.0796720511930050E-002
   -6.851918596005526     
   -1.690017978921543     
  -1.6716852465868626E-002
    1.290649501245887     
   0.9434550650525427     
   5.2107886095136884E-002
   0.8364817870017388     
   -2.594959071193136     
   1.5707596027255956E-004
  -0.1109734633558523     
  -0.1567556747322673     
  -2.3572999485710166E-003
    3.936267180696160     
    1.056124848154190     
  -0.2318427904663847     
  -1.2353961241461282E-004
   0.8407002205076645     
   3.1808164146832235E-003
   0.2179588956884413     
   0.1289147926799461     
   4.5558642497743650E-003
  -6.8093098997991167E-003
   -1.238837162931714     
   2.3430516045985759E-002
   -10.64765617245550     
   0.7390810254516960     
  -3.6437073156354485E-002
  -4.4707915426648030E-002
    4.590704421280972     
  -3.8357549610547994E-003
  -0.5056760736162006     
   0.2582011118698754     
  -2.5789506463905895E-003
   4.9142617908866804E-003
    13.21430957927861     
    1.388164866079789     
    13.48765879527415     
  -0.2326170507121211     
   6.7840412958582418E-003
  -1.0517995595433427E-002
    6.089707954089112     
   9.3918490313714669E-004
  -0.5657137071234007     
   -1.790657790526622     
   5.0577722730118936E-002
  -0.3577804570730992     
   0.6638729938737030     
  -0.3320585853707816     
    5.555574171470962     
   -2.090340808249023     
    1.968952067466247     
  -4.2544169139496525E-002
   0.6838524070567319     
  -3.9950492990303912E-002
   -2.258427754611811     
   0.6372937362122754     
  -0.1315825043404619     
  -0.1014189249246286     
    2.531978393560541     
   -1.752002349377576     
    1.742269013522390     
    1.751165199400685     
   0.2326070434709495     
  -0.1077083646342932     
    1.649904418636557     
   0.3819119947172877     
   -3.041517847811913     
   0.7500510384261979     
   2.7749240735158491E-002
  -1.8314111311472391E-003
  -0.6435456932839017     
   0.1108396297921621     
  -0.3377900532457832     
  -0.9394336389982136     
   6.8228497128102347E-002
  -4.9723867006131538E-002
   -8.091141780198784     
  -0.9372084446981608     
   -8.387160554464829     
   -1.105976632675708     
   6.6308670385977929E-004
  -2.7372781347873975E-002
  -0.2909072830210176     
   2.1263520879469494E-003
    3.320400025071591     
   0.2433293446986458     
  -3.8033932481965197E-003
   3.7365798910603343E-003
    2.317461485227925     
   3.0138942042685545E-002
   -1.354453989390953     
   -1.154492436912429     
  -1.0708226743992343E-002
  -1.3839753322834604E-004
   -23.33766260032090     
   1.3952117034019484E-004
   0.2243687203437340     
  -0.5528853822197919     
  -5.2047904418573406E-003
  -1.2452467714882363E-002
  -0.2369166457568648     
   1.2949620895031063E-002
   -6.161476332434809     
    8.177956905935311     
   -6.323641877710443     
   5.7215825642772236E-002
    4.488127131809288     
  -3.1151517710049134E-002
   0.9573929589653949     
   0.9537156335835808     
   0.2580739305072546     
   5.2124945062448158E-003
   -1.824790127741313     
  -7.5633675642286296E-004
   0.2667409187891844     
   0.1688324335816639     
  -3.9231990624669652E-003
   9.7313660808460885E-003
    75.36534538263221     
  -2.2594133986322015E-004
   0.7358930577488910     
   -4.682123528000234     
  -1.9066663266095920E-003
  -2.7663438043318799E-004
  -0.7924678829230731     
  -1.4048579394412366E-003
  -0.2410201862084048     
   0.9338757557779496     
   9.8459612724112744E-003
  -0.4325157127511055     
   -3.155006635248975     
  -6.4949318720884386E-003
   0.6123386513360171     
    1.336973313396543     
   1.8470641951886648E-003
   5.5483282785950805E-004
   0.2585397974055927     
   2.1042269201170780E-002
  -0.5488812268888830     
    5.377350142101805     
   0.1219258458518923     
  -2.2768685242711671E-002
   -4.067639468796790     
  -2.8348782595484366E-002
   0.8207724234293127     
  -0.3254731958071116     
  -3.8587946105626851E-003
  -2.1246244085936995E-002
    13.88153848288546     
   1.1433680775424524E-003
   -1.379016593784186     
   0.2132675828691382     
  -1.5684920694214757E-002
   1.1189822840188589E-003
   -2.519795432823531     
  -4.0376768736021647E-002
   -184.1861715811148     
   -6.320879931849340     
  -8.7608455258433703E-003
  -2.5467528704456932E-003
    1.188793758113416     
  -0.2386153099390916     
   0.6352167054335852     
  -0.2108121996898290     
  -5.5177761044938748E-003
  -6.5145591292670429E-003
    2.340161656059216     
   -2.028972208077612     
    1.174083755090594     
   -30.80135949742516     
    30.55434594272190     
   1.3016005110961788E-003
    5.030110434202189     
   1.2414289606202524E-005
  -0.2033705196922760     
   -34.92763503069698     
  -4.5940368047409116E-005
   8.1490811358090850E-004
   0.2240165949547695     
   1.4130331469895049E-002
  -0.7151392571252893     
   0.2960944266353499     
   1.1915257115971840E-002
   1.3117611119701786E-002
    4.391474785737153     
   -3.222974551752658     
   -2.984638877335320     
    10.73271033211992     
  -8.4141703408062570E-005
  -3.0528161951261547E-003
  -0.1286269447173777     
  -4.1336568164049509E-003
   -1.231919289155159     
   -3.801625428238839     
  -5.0545928006415754E-002
   7.6033607596293767E-002
   -8.752980933715591     
  -7.6367789743427895E-004
   -1.435603658984693     
    3.958818224659518     
   9.9066873377372963E-005
   7.0442539506130789E-002
   0.1575130551836915     
  -1.1587038946774398E-003
    2.567878675883845     
    1.596316998050511     
   2.6294418025961119E-002
  -0.5718684259323052     
   -2.519109690452765     
  -2.6021286638486886E-002
  -0.8569521618837072     
  -0.3476778569981360     
  -3.0715379263468238E-002
  -2.5388712016637508E-002
    8.664228684172771     
   7.3899152812127888E-002
   -2.658673767105279     
   -5.391291145899244     
    3.196022486700630     
  -2.4632002549621821E-004
   -3.494481430126626     
  -1.0709045217430392E-004
   0.1606599547954800     
   -1.892159487538574     
   2.1164501825855554E-003
  -0.1003386543404039     
  -0.2077467476819013     
  -1.7943331711524084E-003
    70.93433302468063     
   0.1224160555128160     
  -2.2649543987717993E-004
   3.1218650746953481E-004
   -1.207704969448507     
  -4.5952267470205886E-002
    1.216095165695861     
   -3.074347191274417     
    2.252105973061298     
   1.1593702036503154E-003
    2.683543254127810     
   4.5770573031659207E-004
  -0.1542362756925474     
    3.689449445305794     
   0.8990816581082222     
   4.9148319401777219E-003
   -3.612736357506942     
   5.9894478393145599E-003
   0.2303090181498390     
   -2.247634160289782     
    1.151602058201516     
  -2.5386212093088617E-004
    1.641570512578432     
   2.0405377881894797E-004
  -0.1417581935138879     
  -0.1539033678471863     
  -8.4449840851306413E-003
  -6.8812092348744794E-003
    2.304095918619951     
   0.1064181574286764     
   -2.346811640207219     
   0.8216459863518979     
  -0.2617290103951492     
   0.1395112222512226     
   -6.344512986440263     
  -2.1774491785787265E-002
   -1.365698453732082     
   -3.330514147505656     
   2.5072308122421687E-004
  -9.1570702873308065E-003
   0.2907576956308118     
  -2.4117613899139329E-003
    1.094813810077785     
  -0.3199126920136635     
  -1.8612571426299237E-002
  -1.9379778759043974E-002
   0.9620790179438116     
   2.5338627849833800E-002
  -0.9726135684067563     
   -1.275904669360435     
  -1.7815441875963282E-002
  -6.8284145940565644E-002
  -0.4250164949034024     
  -4.6586007069673141E-002
   -1.283804348204137     
    3.187910501179501     
   8.8749772268445187E-002
   -1.232611726274532     
    2.096053999581584     
   0.2328661551259885     
   -1.472693035385005     
  -0.2841964489237763     
  -2.0763566575358664E-002
  -2.6063157468361999E-002
   -8.991614970570607     
    7.985699599776077     
    4.137492925467599     
    1.219549925004333     
   3.3630100741228804E-002
   1.2421936308165981E-003
    1.244882529534180     
  -0.1949352397714696     
  -0.5953085368226706     
    1.308878975918386     
  -0.1699958260701156     
  -1.3679129534504909E-003
    2.905655446271896     
  -1.9569102066748620E-004
   0.1974139457903729     
   -1.829527604127960     
  -1.7141065380494883E-002
  -1.2480346421702015E-004
   -1.103791601585045     
  -2.6884277733820838E-004
  -0.1493283171794597     
   -1.272065449344610     
  -4.7799940783636056E-003
  -4.2882114367454163E-002
  -0.3046421950645122     
  -8.7696311092912444E-003
   -6.133957343121671     
    5.330477589159000     
   0.5876971158086162     
   8.9636611566548132E-004
    16.30854366921130     
  -5.0474853425930733E-005
   0.1578931793121671     
   -1.429571592440737     
  -2.6824244321388858E-004
  -8.7237786003446269E-002
  -0.1325673335304212     
  -4.2648916742534415E-004
   -3.271640933243650     
   0.6185457931357580     
  -4.4122395795634312E-003
  -1.2015419155076652E-002
   -1.942630702325203     
  -8.4167857933438763E-003
   0.5277765982732393     
    2.053022146021779     
  -1.8668283250588836E-004
  -1.8692808937409125E-003
   0.1779851392091046     
   5.5054774314645862E-003
   0.4728412431059418     
    1.049043337854531     
   5.6824070377465376E-002
  -2.7967218717722234E-002
   -54.76124526843633     
   5.6266415979491826E-005
  -0.3883837315471586     
   0.6732334250817927     
  -0.1324713199896971     
  -0.1466958310196800     
   -4.511191694860203     
    3.476509991151046     
   -2.843144710915436     
   -1.677233212466617     
   0.3840787035671213     
   2.6935254425055559E-002
   -1.104156858410884     
  -2.0541714103316511E-002
   -1.039403780717783     
   -3.509905140450995     
  -0.1070245386120371     
   9.1772939245257445E-005
    7.067870963385888     
   1.4603016066550890E-004
  -0.2040656028483067     
  -0.7846788648673529     
   9.0717210041941263E-002
  -1.2521708516244243E-002
  -0.8140956759424818     
   0.1836617881505949     
   -9.921589020340427     
   -1.429519015883174     
   5.5411304415211729E-003
  -1.0682792872252368E-002
   0.7370578056825350     
  -0.4277475497968072     
  -0.4854160011944485     
   -5.055645529610420     
    5.003783307603425     
  -3.2399740312474977E-003
    1.506363093312010     
  -1.9411543688100443E-004
   0.1387863250329480     
  -0.8958632487355918     
  -1.6971166898865582E-002
   0.3127011998434022     
   0.8560411954792279     
   2.2000690505566634E-002
  -0.5774404987992809     
    1.138137282325698     
   6.2761560231893609E-002
  -9.8423199952917359E-002
   -3.426081367962246     
   1.0023949094688427E-003
   0.4141918218663492     
    3.244781321624048     
  -3.7746267927834515E-005
   3.9014560047797915E-002
   0.1329149194984440     
   3.0053426582866989E-003
    1.451218689896270     
  -0.1507067826530669     
   2.9595051367443601E-002
   1.1625626674690292E-002
   -31.08124288221442     
  -2.0859323463571333E-002
    2.911548804172578     
    13.89218506361020     
   7.0137063991408165E-003
   -13.79715164412938     
   -1.706959693012967     
  -0.1491801250612763     
    1.056238488832195     
  -0.8236493602400277     
   0.2666205961090297     
  -2.5868453932884589E-002
    1.023896294792261     
   7.9803251316082249E-002
    1.105515143055242     
  -0.1717418252642064     
  -7.6785790182334075E-003
  -2.7785710833817092E-003
  -0.7100705234021183     
   2.6256609480180559E-002
   -76.25283539200684     
  -0.3441702143792219     
  -3.0156385755987634E-002
  -2.1424488084658706E-002
    2.618965475712548     
   0.2328171860644290     
   -8.590464628171773     
    1.495954588642078     
  -9.3473183352979548E-004
  -0.4568324136888433     
  -0.6786591538309936     
  -4.0887873979972823E-002
   0.8464292805043366     
  -0.1317469614857422     
   8.9684324105699742E-004
  -8.6049929520270671E-004
   0.7700599384117520     
   1.6025242576137605E-002
    2.461614140125063     
   -8.535823390991679     
  -1.0316963645449746E-003
  -6.7308604981605312E-005
  -0.6640474929762955     
  -3.6843093564331046E-005
  -0.1556950534075870     
    1.049097354083485     
  -2.7402943174299432E-002
   5.7407093486359528E-002
  -0.3873309981685139     
   7.8095204786583390E-003
    54.78242668789991     
   0.3291547422627092     
   6.4441871750332169E-002
   5.2604361181035862E-002
    6.094616251563282     
   -5.901702432307120     
    1.532339054679422     
   0.1431441674156729     
  -1.0231346237306305E-003
  -1.7311625558954382E-004
   -1.402515932079295     
  -6.6607064907606376E-003
   0.6401370048650710     
   -20.21860283186640     
  -4.2395644038717222E-004
   2.6494268410224241E-004
   0.3464693523555691     
   3.7053150502522357E-002
   0.8019099780430267     
    1.361857966241318     
   3.1172991115809706E-003
   3.9175694167217272E-002
   0.2465313080425658     
  -2.5853216497733890E-003
   -2.256326292863015     
   0.8229680682250801     
  -5.7414316933124448E-003
  -0.2763890206604733     
    20.86485483643790     
  -5.6243307223377591E-004
   0.5517419639029072     
    19.13929997893957     
  -1.2148040440780467E-003
  -1.3287283010975312E-003
    1.059021657998678     
  -7.2747687602346418E-004
    1.051854730070569     
   -2.134576700419204     
   4.8247827688535652E-002
   0.7050672276223442     
    5.663387316696054     
   4.3355503485092192E-002
   0.9846912772340621     
    6.171015527067170     
   5.5031639273008513E-004
   9.5345711395485710E-003
   0.3047404173532864     
   2.0168853976488543E-002
   -1.271293322794567     
    2.444585048817022     
   4.6976740665940464E-005
   4.7684668128434539E-003
  -0.1301042849581685     
   8.7128479275397125E-004
   0.7741126517063521     
   -1.056990900140363     
  -1.4241164008859135E-003
   6.0308770476396247E-002
    1.066726046870204     
   1.2298782639410222E-002
    18.36537040279700     
  -0.2274651494328818     
  -1.7389431694559306E-002
  -1.1176515466532267E-002
  -0.6901689512361274     
   3.4499276980158103E-002
   -34.63397484922078     
   0.4773793729802711     
   2.0817680150621632E-003
  -1.0195437796825973E-002
  -0.1848793646555854     
   3.3687154382436224E-003
   -2.052942679139553     
   -1.362143389804447     
  -4.2459520587744166E-003
  -3.1926656228777328E-002
  -0.2464936782703410     
   2.2299021996815319E-003
    2.249894787016587     
   -1.770017687104998     
  -4.0253566670233242E-002
  -9.9026967718172862E-003
  -3.6196933148035207E-003
   8.1008719171391849E-003
  -9.1259149487118815E-002
  -0.8621178711007663     
  -4.5398271321641336E-004
  -8.9154022116698997E-003
  -0.1793750427992940     
  -1.5511153455001171E-003
   0.5419528158589300     
    2.469707694911184     
   6.2324325178859941E-003
   1.7873019234482566E-002
    1.045892113764299     
  -2.8450127077753105E-002
  -0.8173324147294159     
   -70.88496259133423     
  -5.2537388721464052E-006
  -2.6412249988131613E-003
   0.2078730863637257     
  -1.8906454743083286E-002
    1.891945651822492     
    6.957347108056823     
  -3.0736892309781835E-005
   1.0009850948754563E-003
   0.1943475555040231     
   5.6422028663138035E-004
   -1.035567555393170     
    54.78208822968610     
  -8.3371938864677786E-005
   1.0911609137746472E-003
  -0.3883657922518424     
   7.4166520984196682E-002
    1.046425867896563     
    6.309861593574143     
   1.6970827144354090E-004
   3.0985738523816406E-002
  -0.1512809865238568     
   1.2494574814552366E-003
   -1.746579213855662     
   0.5283177732691655     
   5.3807290209378239E-004
   1.2986136137629656E-002
   0.1809762278435575     
   2.3946308731263165E-003
   0.8752882793424290     
   -1.260298519068759     
   3.1523525801738887E-003
  -4.6458467976398556E-002
    4.733997773255344     
   -4.082763340768494     
    1.986829774904042     
    22.66440367096137     
   5.0514803186709149E-003
  -7.1238986680654311E-003
    1.686758609355210     
   -1.087262972986778     
   0.9052579875155750     
   -1.969790358173811     
   0.7599056125799111     
   7.0594438117280200E-004
   -1.443651776563277     
  -8.1907058773827090E-004
   0.2292941594289492     
    1.991666198416465     
   5.0432194004688159E-002
  -2.7455418408143021E-003
   -65.87629532838643     
  -5.9652111390269842E-005
   0.2128973258557881     
   -1.270452841577685     
  -0.1248557807118355     
   1.5961041673738640E-003
   -2.918893622604925     
   1.0315223725931167E-003
  -0.1982014041223989     
   -9.100962837280179     
   2.7926706959074369E-004
  -5.3549230100742210E-005
   0.8026313898377875     
   3.6670565312642502E-003
  -0.3036343775916535     
    4.168005264828647     
   7.8821227990010980E-003
  -1.3481531051172078E-002
    1.625206366690167     
   -1.224204564817267     
  -0.7601641356071077     
    9.695477406875906     
   3.6520562280498214E-002
  -2.7470001595739017E-003
    1.682935291137046     
  -5.9013744875552755E-002
    1.125640606003281     
   -1.526551571860259     
  -0.2786952005225962     
  -8.2534433595720505E-002
    2.863686390982064     
   9.3523785280598334E-002
   -16.30116423281707     
    3.044455469351130     
   3.6336049070487000E-003
  -2.5435248823184016E-004
   0.8896830204521679     
   1.1417502447487889E-003
  -0.1981880802518923     
  -0.1894738666898368     
   7.6745566459241093E-003
   8.8502037308802982E-003
    2.816971429618946     
   2.2172109980743086E-002
   -1.253142774803879     
   -41.25519169112168     
  -4.3101481305187850E-005
  -9.9545929732902769E-004
   0.1573790976765474     
  -7.1443628507705771E-004
    1.252676374967599     
  -0.5694600306102203     
  -5.9886087594895063E-004
  -3.8359078808065288E-003
   0.1674947913663888     
   6.6156504527945257E-003
    3.739383186753684     
   -1.805163931023114     
  -6.9106019178539424E-002
  -3.8606084520053162E-003
   -31.30754555489058     
  -1.1120138486227312E-004
  -0.2778741780359789     
   0.1910799033717369     
  -8.7174015499979565E-003
  -8.0365272812150754E-003
   -1.260942029209188     
  -4.9441875759293770E-002
    2.809031304853217     
   0.3757583340765421     
  -9.4375412014886112E-002
  -5.4813225477910871E-002
   -4.862107009475382     
  -0.3709621612729401     
    4.822531677059867     
  -0.1949939855244500     
   1.2151748201824821E-004
   1.8502320926298099E-003
   -1.612394608395055     
  -0.2731644860267342     
   -1.581908202214723     
   0.1250818244454627     
  -7.6879356835356690E-003
  -1.6066313068733857E-003
   -11.54759067806769     
   -1.169213464858337     
    11.54077532767579     
   -1.179836717041226     
  -0.1934931940143225     
  -7.6012165595869263E-002
    1.369411440748183     
   5.1900261751917441E-002
   -2.372387481454797     
  -0.1587125453438186     
   2.1470050976137270E-003
  -1.2821208546334817E-002
    1.220139352885381     
  -7.9969603352451762E-003
    41.34961663018877     
    1.307432956450919     
   0.2847843295724085     
   0.2545273752191515     
    2.264001568791689     
  -0.3335016798440558     
   -6.273865037722926     
   -10.61890296878172     
   1.3447148685018115E-004
  -5.4458686458565449E-002
  -0.1558850373080576     
  -4.9464257133917458E-003
    2.762574024986102     
   -8.165348268827840     
    3.309711981394050     
  -3.7422047963385805E-004
    5.148738106770733     
  -7.4949809359221614E-004
   0.2177691459310000     
    16.20187848847312     
   2.9120605360955374E-002
  -5.1512609149457697E-003
    2.796314517348375     
   7.8018988049865633E-003
  -0.8839837278885553     
    10.96732925615917     
   -10.85043696064437     
  -2.0619605087173203E-003
   -1.537941680618804     
   1.0763190485271689E-003
   0.2443513014930186     
   -3.705204068873015     
  -4.0524101652584216E-002
   1.0360061710107657E-002
   -1.503116828692944     
   3.4312681460598460E-002
  -0.6740841661618040     
  -0.3530459897863178     
  -4.1576196207159376E-002
  -4.1334050609147473E-002
    2.473938673137268     
   -1.639095928055989     
    1.856694669402501     
    3.623981937444555     
   5.7640516599451026E-002
   -3.238226761800962     
   -4.869070927010401     
  -3.0420089464296904E-002
   0.9853889709341457     
   -9.269135682864492     
  -4.1652971845450556E-003
   2.0079727893256918E-003
  -0.8035305592510368     
   0.1610340235324877     
  -0.4106624612310871     
   -70.61935332405366     
  -5.2104879640810474E-003
  -3.3016126807888552E-004
   -4.785342484213466     
  -1.8710278279645011E-003
  -0.2104234968786152     
   -2.499048471116936     
   3.7399601089241619E-003
  -3.1238145369359297E-003
   0.6104732060743600     
  -0.1382969151235490     
   0.3947960233138657     
   -2.443510144914535     
  -7.9432286584371764E-003
   5.0465413320917238E-002
    1.758825864233204     
   1.4620069918987589E-002
   0.9665453364034825     
  -0.6031279195274488     
   4.7688343699919594E-003
  -7.3049861072968453E-003
    2.773154614942417     
   3.5217313417617322E-004
   0.2945495817918083     
  -0.2538149618541398     
  -3.4173020561525042E-003
  -3.4921428711207100E-003
  -0.9756244664503916     
  -8.3143132492367697E-002
   -1.762716272236389     
   -1.216702086488448     
  -4.2759385640661089E-003
   0.7578164851060439     
    1.586711235318123     
   1.7746456188194804E-002
   0.7176724669690154     
   0.2713419047587369     
   1.9668368556833092E-002
   2.3069936274836868E-002
   -3.882782540226806     
  -0.3661522452621924     
    24.10732977116977     
   -1.040365535804194     
  -7.9790907626132708E-004
   1.1807593022817868E-003
   0.2200260154430038     
   5.3304146784516927E-003
   0.7757612389578653     
   -3.764655942202721     
  -2.0971400298433710E-002
  -0.3607817408490617     
    1.943230275192023     
  -0.1741587435998841     
    3.329421447873461     
   -2.805881722163690     
  -1.9366518058286486E-003
  -6.7169248195881146E-002
  -0.3144974172367237     
  -1.4740695365135495E-002
   -2.778955979515234     
   -1.204671808017451     
   0.5989023859155586     
   6.8293687815716817E-004
   -1.311070634442581     
   2.2277715641219007E-004
  -0.1600425282894656     
   0.1896820194101102     
   3.9895570478042797E-004
  -1.4271562429093998E-004
   -1.637654210001975     
  -0.1644475449893465     
    1.620665859921116     
    15.71637259451701     
  -1.4150823424704026E-004
   1.6478227544566747E-002
   0.2412863873781823     
  -1.0201974295126552E-002
    2.427057192571705     
   -1.739485527110208     
  -2.3061086425252397E-005
  -0.1062646655534243     
  -0.1529585169923998     
  -6.0981576960764871E-003
   -6.260291829747747     
  -0.2299598520082430     
  -2.6266323629552633E-002
  -2.2174196905726017E-003
  -0.9476596165064731     
  -4.0087754126134363E-002
   -153.9549896899019     
    456.2781038756889     
   6.9258580736196240E-007
   1.5056514726244493E-004
   0.2014656792742056     
   2.4938367042920263E-003
   -1.214874696467951     
   -2.644784483668915     
    1.569569987206014     
  -1.5718721245878507E-003
   -4.905037027499907     
   7.8660224326335132E-005
  -0.2389271159036855     
   -1.117643135963194     
  -6.9785211983328127E-002
  -0.1014692010845877     
   -1.590172690097623     
   3.7418415974882484E-002
   -3.800229771535832     
  -0.2200832910699546     
   1.2905530044830197E-003
   7.5192197857855327E-004
    3.559615057452684     
   -3.062862833138795     
    1.808726578297812     
  -0.7279142574195533     
   0.5693401591052725     
   8.7744049078290365E-002
   0.5214799555716052     
   0.1523761363827447     
    5.896261738657858     
    1.424731760959902     
  -6.0912630736035351E-003
  -1.7640551530769956E-003
  -0.8669419141303032     
   3.7594173946670743E-002
    51.79207230659804     
   -4.858529664202865     
   3.0351558840665171E-004
  -0.3732887033748976     
   0.2596296311468301     
   9.6908155329339090E-003
    11.70494253970619     
   0.2005028993089344     
   1.9017477677927023E-003
   7.2212940292182032E-004
  -0.9800210198023490     
  -2.8820583550093860E-002
    12.95790010414506     
  -0.2238812330781276     
   1.5749971135853573E-003
  -5.8683875653242461E-004
   -1.632823521932213     
  -6.5027508510239251E-002
   -9.353492004903183     
   0.7770440364351846     
  -4.9211480626356489E-002
  -2.9998129642337520E-003
    1.456196590078958     
   3.2188748376309175E-002
   -1.562635686657057     
   0.2320042306728288     
   6.6126513781777285E-003
   2.1525873072811581E-002
   -154.6031407015710     
  -2.6756979831761411E-004
  -0.9610307665916942     
   -1.806451962736910     
  -0.1168068195239577     
   8.8417972611441978E-002
   -1.838652245971961     
  -1.7150070499651282E-002
  -0.5643057091821697     
   0.5464012073737686     
   3.6540542415316062E-003
   2.9084719926481595E-002
  -0.5438441327049311     
  -6.2420465361419902E-002
   -1.040222177559411     
   0.4263776388773152     
   1.2832746147509542E-003
   8.0621603702961397E-003
   0.7334307873901048     
  -3.0756019473495728E-002
    4.595638321140155     
   0.2087984096284537     
   1.4592016786284495E-003
   2.1643967861731828E-003
   -1.976338118257123     
  -4.3510907004311455E-003
   0.7232366910792678     
  -9.9217330970427023E-002
   7.9640020707609852E-002
   2.5904425076436258E-002
    5.744643533645040     
   0.3180265666398279     
   -3.119204673984090     
  -0.1361723684294874     
  -5.9555839833173451E-004
  -9.8491451891436345E-004
  -0.8340012411438422     
  -3.7028454817647459E-002
   0.8515315616099574     
   -1.201846474624457     
   3.5352034684512756E-004
  -3.9011660181569305E-002
   0.2002931554851340     
   6.1464062146220355E-003
    435.8369711290443     
    1.113292007483235     
  -0.5798796809298854     
  -0.2115812105937128     
   -1.379803642314052     
   0.6532088666412182     
    1.372926683363746     
  -0.2020182726660393     
   1.6623726690929827E-003
   4.4760801189847191E-003
   -1.351002755316818     
  -4.8502813452117405E-002
    4.110785870423761     
   0.2186734038094295     
   1.1853967385695935E-002
  -7.1770506083898645E-003
  -0.5758587553253208     
   9.2932408149382275E-003
   -15.02890494109934     
   0.2196825417122735     
  -1.1394579206390472E-003
  -5.6623228922162193E-003
    1.899393851578127     
   1.7459476118032610E-002
   -2.926718527127649     
   -1.353657763193361     
  -1.2813911261793638E-002
  -3.8360924767836006E-004
   0.7586342092550946     
  -6.5147088170351350E-002
  -0.3899754202092675     
  -0.1959317966009062     
   4.2909370750849815E-003
  -2.7937394314132147E-004
   -4.433315308304620     
  -1.4974358337181928E-002
    1.288303460562977     
  -0.9984292311985528     
  -6.5816933033853692E-002
  -3.8436324201425183E-002
   -2.426814460883582     
   0.1591870465252155     
  -0.7398419430075996     
  -8.0325449246407027E-002
   2.3581370081028598E-002
  -6.1216803271665475E-002
  -6.6682217971777688E-002
   3.1042444350961762E-002
  -7.8123146205610075E-002
   -4.863576477932459     
   8.8956294167327372E-003
  -0.3861559862022847     
  -0.3871184955260673     
   5.7946236998975359E-002
   -4.819360141569152     
   -15.82300055432182     
    14.11935043331286     
  -1.1675017955604873E-003
   -9.139477566658989     
  -1.2371464280815157E-003
   0.2215064930940513     
   -15.58202023537345     
    15.30544835197652     
   4.9249135346917883E-002
    2.982064080223702     
  -7.8417085791275362E-002
  -0.8713393504423642     
   -1.521746048913618     
  -5.6324037742355691E-002
   0.1574434682161137     
    110.6169237254580     
  -6.8607899750330003E-004
    1.088587332944274     
    1.819917194838039     
   3.3594171081787888E-003
   9.1339398208041628E-002
   0.3316764446449352     
   1.6696398683797735E-002
   -1.808227363441776     
   0.4718364063447182     
   9.3287884738637944E-002
   9.2517124971680811E-002
   0.4637741617489669     
   2.3321030275376974E-002
    11.50568613386395     
    1.697809489334299     
   5.5164451938976122E-002
   1.0736054034143336E-004
    18.28315716623048     
   1.3297024808538415E-004
   0.1626351732412844     
   -15.11708595480779     
   1.3519340970332119E-004
   3.9446538019255429E-004
  -0.2211250076762008     
  -1.2605262325245951E-002
  -0.5827556699842832     
  -0.2125040397551539     
   5.4829174844222344E-003
   4.0414671915947253E-003
   -3.607417719075293     
  -1.5643927141255894E-002
    1.469490128974670     
   -11.24979253993674     
    10.93335385003842     
  -9.3810343902258155E-004
   -2.287386774010095     
  -1.4694435121413785E-003
   0.1430384747037939     
   -6.651532995773636     
    6.426874008117180     
  -4.9082608929372178E-005
    2.493175282475553     
  -5.7499817252628835E-004
   0.2061652292477318     
  -0.3567015166732430     
  -3.5360125035110844E-002
  -2.9884441264895246E-002
   0.9416022147424243     
   6.0597082881555006E-002
    2.283215125392385     
  -0.2687078468703908     
  -3.2991453612827553E-003
  -5.4462510114261639E-003
  -0.5269796615685759     
   1.0647210486824934E-003
   -1.362221879104107     
  -0.8100252846400119     
  -5.4623584736533851E-002
  -2.1803117629163467E-003
   -1.353557045834605     
   7.3819419394459421E-002
  -0.3867764022626725     
   -4.606816120338309     
  -7.0101992544546786E-004
   5.0637337032350639E-003
   0.4276166608559081     
  -2.4317185562123152E-003
   0.7523272409819102     
   -2.018325287888424     
  -3.8807918443171025E-002
   2.8584092739874817E-003
   -64.62744174110867     
  -7.1346436242695550E-005
  -0.2143027184482831     
  -0.7672613430378101     
  -3.0168511812445061E-002
   7.1875962116756398E-003
    1.421415243066333     
  -3.6012300960798307E-003
  -0.3488274476764910     
   -2.759319427741256     
  -1.6313691758505390E-004
  -0.2149793113551953     
   0.1570193877153223     
  -7.8171962404208484E-003
   -10.67257743838359     
  -0.2534295001823639     
  -1.3854915606360586E-002
   1.2888267148757489E-002
   -11.55608753061768     
  -0.1470946979184768     
   -4.993022095641190     
   -5.233002462670628     
   1.4613953680587042E-004
   2.1023144342653431E-002
   0.2470774733067818     
   6.4484899069841587E-003
    2.259560382902334     
   -4.865966206211193     
   1.1120539878943677E-006
   1.0562295201107341E-003
   0.1364807223065503     
   5.7000678058203663E-005
   0.9068569376756516     
    3.706644555694758     
  -3.8768403619448152E-003
   -3.489216347794377     
   -1.087155522085020     
  -5.3543660166562014E-002
   0.9722375602036849     
   -1.137218411024695     
  -4.9272747348225399E-002
  -3.2039017578810031E-003
  -0.9780002604657040     
   0.2919957590999021     
    1.378596749414901     
   0.9911095876838723     
   3.8341545624813372E-002
  -0.1670504901814860     
   -2.024643073946853     
   2.0465879624572591E-004
   0.5345282815791790     
   -1.304694313918624     
  -8.3506683332055277E-003
   1.5775506807990929E-004
  -0.9294845862474975     
  -2.6717377476134655E-005
   0.1787781566328875     
  -0.7286629650675710     
   0.1040475302618538     
   5.3759689788944506E-002
    7.773447017907293     
   -7.619588336130781     
   -1.423868860703634     
   0.2422692003470145     
  -1.2012616209791955E-002
  -1.1547597404470173E-003
   -2.424316459350877     
  -9.5531296961429035E-002
   -15.76601901207202     
    2.297079848793248     
   4.6472451961675617E-003
   2.3884934559641788E-002
  -0.3614146061727382     
  -3.2482151211455958E-002
  -0.9498452076010576     
   0.8754503681855101     
   6.5619298021669784E-002
  -6.6262345388742053E-002
   -1.791847797160109     
   1.2950794031562735E-003
   0.2768843192187579     
   0.8195621640962333     
   0.1158766175436548     
  -7.4363622531599810E-002
    1.397000638810909     
  -1.2685665135868562E-002
    6.998018231060669     
    1.439071240901924     
  -0.5898742130711675     
  -7.1484859217801693E-005
   -1.146802115441804     
  -1.5942543017247804E-002
  -0.3164695847628655     
  -0.5516367058060219     
  -4.4329756343735642E-002
  -7.7335564741647751E-003
    1.039255895159106     
   2.5257095093229851E-002
   0.5374290663329587     
    2.734226416587919     
  -0.8136300930804892     
   2.4497502653551950E-003
    1.899729978713060     
  -7.2790963542894993E-002
  -0.9353997124123111     
    2.024395958463332     
   -1.996731561139638     
  -0.1330638003993828     
  -0.5685661150057758     
   2.5823982748298131E-002
    1.008686037829215     
  -0.2005925017567193     
  -5.0609476998636892E-003
  -2.1255129447721030E-003
    12.92708150411797     
   2.3792541026538962E-003
  -0.9883754418183750     
   -2.103983218839270     
  -7.3571025168979592E-002
   2.7102478903484280E-002
   -5.981165610222872     
  -3.9887289521402377E-003
  -0.6794764884861537     
   -1.413318112375207     
   2.6316975397528659E-002
   8.8575845933645592E-002
   -13.82940184824358     
   3.2348843278758705E-003
   0.6127930483469455     
   -4.468101469554107     
   0.7177296077846650     
   2.3959560977453456E-002
   -2.630849050747401     
   6.1931961919443473E-003
    1.081953923127421     
   0.1536797569141458     
   5.5155781692339907E-003
   8.7089123337282925E-004
    5.264980962488002     
   8.9098019444200260E-002
   -5.254133862818769     
  -0.2233931522942952     
   2.1805494860334561E-003
   8.8680285068117710E-004
    9.329285764585983     
   1.1939134998989314E-002
   -1.648948795799977     
   -3.707544021726020     
  -2.4861062117134659E-004
  -3.3187282958807530E-004
  -0.1652917740656319     
  -1.4938463537830359E-003
  -0.5762203499962768     
  -0.2698668945386704     
   1.7306204189083702E-002
  -8.5880035579559151E-004
  -0.5184662249650659     
   7.0711356108654755E-003
    1.370084901114011     
    2.269949403210478     
   6.6126306056977103E-004
  -4.6777133789389309E-002
  -0.2473972592897818     
   4.1247490311937382E-003
   -5.234206801397749     
    6.134743485061769     
   -6.083937656302920     
   1.4854057054487824E-002
   0.8079905504365593     
   0.1165251559382758     
    2.392194445266520     
    2.074446191313930     
   5.2150548697583558E-002
  -0.8818928835520863     
   -1.129950552647952     
  -9.3449723830939260E-002
    1.146145682506019     
    21.54455846793836     
   0.1451944272398344     
  -3.3354038092287534E-004
    5.290932224275434     
  -2.0557910578109753E-002
  -0.8706143687580533     
    68.05522389534045     
   -68.11172103188959     
  -2.9498314748964188E-004
   -2.850573256424124     
  -1.9631741197019864E-003
  -0.2179596619559603     
  -0.2963318770338948     
  -1.4549107921051493E-003
  -1.5543918048772570E-004
   0.6763050522941852     
   2.3716829259956503E-002
   0.6861122924806579     
   -27.75911478603554     
    27.70387731285244     
   1.9009092730659098E-002
   -1.868939822569768     
  -1.3397919004963232E-003
  -0.1834557286645137     
   0.2100668463160540     
   2.0263709504017308E-003
   2.3029273604390577E-003
   0.7280947553882788     
   1.2018297324203144E-002
   -1.968692741210116     
    1.295630705687806     
   4.8511931827589083E-004
   7.8433287590894449E-002
  -0.2294248755794278     
  -1.2813500521365656E-003
    1.292826453664933     
   0.5884376607979567     
  -0.2137722221155452     
  -0.2336830568564941     
    1.345716582788575     
  -0.6697846448623704     
    1.186444551789705     
    2.942957902956643     
  -5.0841310765975295E-004
   0.4738924362479217     
   0.1023214293254398     
  -5.6266028687741762E-002
    5.971643656930708     
   0.7036853600060423     
  -2.2164472160811386E-002
  -0.1041791261855693     
   -4.821034173099711     
  -2.5105758515380082E-003
   0.3429366657082051     
   -2.250457087933422     
    1.107967256022687     
  -5.5330594027606320E-004
   -2.694603919786817     
   6.8770341092783539E-004
  -0.2270075877971598     
   0.2756800391524931     
   2.7961895320553140E-002
   2.1598767512668083E-002
   -23.96054075683154     
  -5.5533903570009396E-002
    3.850418206295492     
   0.9047603741063818     
  -7.6420881344035842E-005
  -6.4710540357315266E-003
   0.1376499609999161     
  -1.3116544213325832E-003
   -4.865490855974557     
   0.2549383108107289     
   3.9161654337710027E-003
   3.7942840308611606E-003
   -1.766994417690582     
  -4.5673584982226123E-002
   0.9741498125368794     
    2.790434407795649     
  -4.8243803964242039E-004
   1.2264897807832863E-002
  -0.2179149597450682     
   9.4857490062960788E-004
    1.980940161786630     
  -2.5723503577687545E-003
   1.0755091260799932E-002
   5.4365611323230591E-004
   0.3850871311828847     
   3.8699657008357674E-002
   0.7939483344977054     
   2.5134748935128942E-002
    1.238528931944550     
  -2.0216562754677162E-002
   2.0059674758511588E-003
   5.1979904138286702E-002
   1.1762068738702586E-002
   9.9866923955561661E-003
  -0.2152046560305481     
   1.9106849868082895E-003
  -6.7766843705180909E-003
   1.3262737449067563E-004
   0.2414374023715163     
   1.3921009682088632E-003
   3.6200095281261578E-002
   0.3005714112033465     
  -3.1681451511790637E-002
   1.5909984671138195E-004
   5.3303663937327901E-004
   0.3458705824350592     
  -5.3905045732995302E-003
   7.0566862821656428E-003
   2.1112740747440818E-003
   8.4631847312834887E-004
   0.1808363450533366     
   2.2453438938215713E-002
   0.1621097912431205     
   0.2462346565847965     
   2.2072314800400932E-002
   0.1255439766555324     
   1.0001647849014307E-003
   5.7047846067674671E-002
  -4.7948323340494398E-003
  -2.6586674815584277E-003
   4.7381693322902992E-002
  -2.8052757939290500E-003
   5.7162189111468219E-002
  -1.3505467937052142E-003
   0.6185616039742492     
    1.359258317183788     
  -1.4172735769027332E-002
   5.1857777699796222E-002
  -1.0354379898173023E-003
   0.4098556272884737     
   6.8627224218554769E-004
  -0.2868331074079852     
   5.1101609949602549E-002
   0.4377160323382753     
   8.1379788911891855E-003
   2.5675290947393611E-002
   1.3205043819074122E-004
   2.5821366666991124E-002
  -4.2661141646333993E-002
   2.9055380842593289E-004
   3.9064148743654450E-003
  -5.1494877193309932E-002
   2.1216463973311509E-002
   1.5678291272697552E-003
   0.1654291409349928     
   3.7899782309659402E-002
   2.9217331135222176E-002
   1.3782727625858559E-002
   1.6104303595735878E-002
   0.3458352530663629     
   3.6798928815228192E-002
   7.8037098448389949E-002
   7.1096523931791056E-002
   0.2595299891911388     
  -1.4538445143892215E-002
   0.5890332617654239     
    1.000887771020006     
   0.3022111222339315     
   3.1257187680475839E-003
  -6.5535711744794702E-003
   0.2007001813069509     
   0.6765637564352086     
  -0.9254626828774852     
   0.1723945985612724     
  -2.7090957632316948E-003
   0.2213934852847554     
  -0.3792856271449508     
   0.1047085761165024     
   0.1821655399432888     
   1.1994234382820865E-002
  -4.7741166220149865E-002
  -4.9300103852392224E-002
  -4.7580240174697119E-003
   3.9854889141177054E-002
   3.8730989072902054E-003
   0.1142584515627478     
   8.4501983652524149E-002
   0.2254867054435476     
   2.0881113470635421E-003
   3.5917165161420165E-004
  -5.3903367935838116E-002
   6.5367749778956442E-004
   3.0144627221561287E-002
   5.3465891367285606E-002
   0.2626921450999745     
  -3.7575393228415771E-002
   0.1835239403236408     
  -6.4771500122192283E-003
   0.4001694351360434     
   7.2710755621504036E-003
    3.911642481064421     
   2.0241664169291284E-003
   7.2144765226915666E-002
   2.8740517889341783E-003
   0.1726122820110010     
   0.2456821133985527     
   6.4655930143366194E-002
   3.6469277648202916E-003
   0.1166004269060631     
   -2.630740562588231     
   1.4249368292516574E-007
   0.2070886820828172     
   0.1390258664330772     
   1.6120887028483237E-002
   0.1688250583299016     
   0.1835022437962220     
   0.1049190823225905     
   0.1894631918800483     
   4.1753885252397314E-003
   3.6223397118724223E-004
   0.2383900079552813     
   7.8456726566196580E-002
    1.791017942260459     
  -7.2218414294110481E-002
   7.5138023483808216E-003
   5.8567348988445367E-003
  -3.9764225985830081E-004
  -0.7823044466774793     
    2.585320816158657     
   3.2002093751812384E-003
   0.1300439942233281     
  -4.8180124488610369E-003
    2.752086213490280     
   0.2409076640259335     
   -1.376457654436716     
   6.2072950629995702E-004
  -1.1366860588890212E-002
   3.4113735569049927E-003
  -3.4669379436052580E-003
   2.0045107426078120E-002
   6.1223820585317324E-003
   1.3682840826118885E-003
   1.5058616792514945E-003
   0.1158951696081586     
  -0.1088946887069039     
   1.3209632648279374E-003
   1.0152915561053320E-002
  -3.1831077661342475E-004
   8.7451051968970225E-002
   8.6869326894537136E-002
  -0.3719254719654609     
    1.877247591622389     
   6.8695681219286778E-002
   2.7939411876162219E-003
    1.314602695348538     
  -2.6333748172528552E-003
   0.2775168066917071     
   0.1756220886062820     
    2.797900964040388     
   1.6765261643454345E-002
   0.1116494188859430     
   3.1609130800272923E-004
   4.1968005339126794E-005
   3.9793730789238563E-002
  -1.2897744061358752E-002
  -6.9047274548062920E-002
  -1.7304687472299528E-003
  -2.0165782089474665E-004
   8.0170792097300232E-003
   4.9422252294083799E-002
   9.7988107564788513E-002
  -0.2173827784422665     
   3.2492935834885906E-004
   0.1256372076232968     
  -0.9635562857180856     
   0.1896785732483812     
    1.081638820070339     
   4.0100368565465228E-003
   0.3768781520564528     
   4.4799477782295866E-005
   1.7334787289208127E-002
   0.6170833709941541     
   1.0309446969307360E-002
   0.8637370129337421     
   0.6090153166883638     
   0.3321705801997946     
   5.8600133138851297E-002
   2.0779282166244534E-005
  -0.2093650503627323     
   4.6681702119590491E-004
  -3.8602411302327287E-004
   9.3361840407760692E-005
   0.8852530587324468     
   1.2942576800873253E-003
  -1.4201646872900504E-002
   1.1240552239763868E-002
   0.5038044604338465     
   1.2473588258051099E-003
   1.0246531892199243E-002
   0.5299450401023903     
   0.7105394409279829     
   0.1694408844575546     
   0.1884701245488061     
  -6.4294301132478957E-002
   -1.279994668728669     
   2.0437470696615317E-002
   8.3728009768125368E-003
   0.2389160177048139     
   0.1369764411379177     
   5.5957912798397375E-003
  -6.5526150182834766E-002
   0.1892419302324796     
   -1.488824299007291     
   2.1729476428000651E-003
   1.6535565625637985E-002
   0.5294327981286184     
   0.1027916837781162     
  -1.6840898113466528E-002
   0.1483332519922711     
   -2.049393633359652     
  -2.2899283769683036E-002
  -1.0458231801728553E-003
   4.9348718856134510E-002
   1.4765851389970176E-002
   7.3151489323231185E-003
  -1.6195594683379260E-002
   2.6825686925377523E-002
   9.6533281521070768E-002
   0.1330996155629339     
  -0.3441971818076143     
   0.2347069989060072     
  -5.3754065742979537E-004
   2.4639908329864197E-002
   5.1998649302597080E-004
   9.7962149554751323E-005
   0.3373506896914522     
   3.7436363191708339E-004
    1.075547942347844     
    1.813323394968948     
   5.9420421080699538E-002
   4.5531304711464377E-003
   2.6422545237458125E-002
   0.1799039899660820     
   2.8847469033274216E-003
   0.1432235806952133     
    1.923561615763515     
   0.8073422940830115     
