good fit chi sq = .0000206
n0=18
n1=0
n2=0

b=
 27.75633281713824
 -11.80082742647428
   5.22621353849016
   0.42919726206085
   7.43911847459831
  -4.37775331323420
   0.70717112328026
  -1.51314529238570
   0.29794654868147
  -0.08927676722025
  -2.24391108824120
  -2.11736463796869
   0.08671085002082
   0.41407364592724
   2.30005024798760
   0.55934845808401
  -3.38539744940861
  -1.15213152769628

 another good fit 
n0=12
n1=0
n2=0
b=
 27.86343179714617
 -11.91009306208957
   5.03125941174491
   1.23229347149066
   7.47744564199442
  -3.49776300547026
   1.70484086160119
  -0.44433985303161
   0.62841720989028
  -0.31222613586026
  -2.17477053998299
  -2.53746558923819

c=
-1.00000001989088
   0.00865667282307
   0.02237341239325
   0.12534502553498
   0.72654419313321
   0.05429454091155
   0.25933462834080
   0.73422243941640
  -0.55817065088296
  -0.76499396063061
  -0.09044760719031
   0.22775267365033
   0.36865118610461

c corrected
 -1.00000001989088
   0.90742972986815
   0.65541300168631
   1.00816649591164
   0.70834258130718
   0.79121799196645
   1.20908316248990
   1.16483259433573
  -0.11782840259001
  -0.27160652807673
  -0.01124633602678
   0.52058750269282
   1.06200355363403

GREAT FIT!!  Chi sqr = 1.497837601841956e-015
1781 3.87019e-008   0.00231672   -3.44e-009  incstep IF

n0=16
n1=8
n2=8
b=
  25.65285954472661
 -15.85042211752342
   8.07145043504949
   1.24036528333231
   7.48243750116280
  -2.62080066109934
   4.88371917368418
  -0.45214295501529
   0.73600820275065
  -0.35739678815473
  -2.70146092462510
  -0.57129908634207
   1.69589086584875
  -1.78387469179976
  -1.17314427829149
   7.23872647943520
  18.37286872115134
  -4.34779955760844
   1.56609219772295
  -9.66895057138964
   0.29065388635699
   3.42917130791663
  -3.01871417045650
   0.89210691184830
   0.19584450663750
  -3.11411337778377
  -2.70569111430671
   9.39995921052988
   6.85351879072296
  -0.16114897535195
   3.76091131448479
  10.90051963305480

c=
 -1.00000000026542
  -0.04283637674252
  -0.39510462203911
   3.80792378975079
  -0.27998661854797
 -12.16403767899560
  17.96574880121996
  -1.18215352731743
  -0.38865730259278
  -0.42933555612074
  -0.16482201917674
  -5.93346594101069
  -0.55693008921754
  -1.24189784613138
   1.90556151276974
   0.79165023708434
   8.41940183319020
   0.17040087145989
  -0.37840898072985
   0.42908821778670
  -1.05468342418953
  -0.01140038445494
   7.93116291293540
 -24.64343339537295
   0.06941582348269
  -0.00009100609495
   9.76080110785375
  -1.83910693569274
   0.22249916624432
  -0.31536735066022
   0.00001995721914
  -0.47004424803141
   0.29173984936882

fixed c =
 -1.000000000265420e+000
   -3.966673882203750e+000
   -1.776983729187139e+001
    6.223371354763879e+001
   -2.756587427854720e-001
   -1.774403951392364e+002
    5.432583368289782e+001
   -9.093058791983916e+000
   -8.421521795094804e-002
   -1.932105918285784e-001
   -2.509870363013459e-002
   -1.877658385407290e+001
   -1.713981257638175e-001
   -1.241897846131380e+000
    1.905561512769740e+000
    7.916502370843400e-001
    8.419401833190200e+000
    1.704008714598900e-001
   -3.784089807298500e-001
    4.290882177867000e-001
   -1.054683424189530e+000
   -1.140038445494000e-002
    7.931162912935400e+000
   -2.464343339537295e+001
    6.941582348269000e-002
   -9.100609495000000e-005
    9.760801107853750e+000
   -1.839106935692740e+000
    2.224991662443200e-001
   -3.153673506602200e-001
    1.995721914000000e-005
   -4.700442480314100e-001
    2.917398493688201e-001
