*****Test input for H2 2 basis function******
  n THE NUMBER OF PSEUDO PARTICLES
  3 
  nb THE NUMBER OF BASIS FUNCTIONS
  128
  wev WHICH EIGENVALUE
  1
  x THE INITIAL GUESS FOR THE EXPONENTS
  1.9431587097554093e+00
  -5.7555447229279988e-01
  -1.8751135923290217e-02
   9.5395024828915109e-01
  -3.4476881461940184e-01
   8.1243601498920892e-01
   2.4837350474821838e+00
  -3.2904105077873454e-02
   4.8568882387984270e-02
   9.1627115577660967e-01
  -2.4847890286060444e-02
   6.5739437587264349e-01
   1.8912414659267531e+00
   7.0736892651893279e-01
  -1.0599386577709902e-01
   8.9603521267657138e-01
   3.9297770606081561e-01
   4.3522467994941111e-01
   2.0554641784369263e+00
  -2.9780950076344176e-01
   3.7608367382646356e-02
   4.1266415552370012e-01
   2.7549648621407008e-01
   9.5665154792363283e-01
   1.8567550796973873e+00
   2.6563921139598662e-01
   3.5747190245261035e-01
   3.2681491602047585e-01
  -4.4293317502592061e-01
   6.0584673432760194e-01
   1.9540517876930283e+00
   2.0963944560801415e-01
   2.1134552487714733e-01
   1.0953608826699326e+00
   4.6747155391857836e-01
   6.3833102833555611e-01
   2.4842930050126060e+00
  -4.2117871780474891e-01
  -6.7125090671157267e-02
   8.0581900855897459e-01
  -4.9730688505930010e-01
   5.0123227133403925e-01
   1.7351893375709886e+00
   4.5135414907734528e-01
  -3.2889203948052703e-01
   1.0343057784903764e+00
   1.1049519316362680e-01
   1.0816365165636294e-01
   1.3637888154963953e+00
  -4.0088954387164630e-02
  -3.9740647357298292e-01
   1.0628791244681284e+00
   2.0663523072174783e-01
   9.7960748317171653e-01
   2.2844411759062080e+00
  -2.3489141377427628e-01
   6.6250512489736263e-02
   5.2168626672270646e-01
   3.0884745764322926e-02
   3.9939059672643856e-01
   2.0873613775453581e+00
  -1.2631282996266355e-01
   3.0447267484759705e-01
   2.3339468895598114e-01
   1.8011605995614027e-01
   7.1401035017879322e-01
   2.3309994264079674e+00
   1.7225943589683190e-01
  -4.7090560875420344e-02
   1.0837545040354031e+00
   2.2702170400799371e-01
   3.3024905456422105e-01
   1.9615239950906957e+00
  -1.1898871621461993e-01
  -5.5224007336665359e-01
   7.8005675895095716e-01
   7.6869914625793123e-02
   5.2040054090656129e-01
   2.5685163950480896e+00
  -1.3735125898934816e-01
   1.4721604563126428e-01
   1.1244076475522276e+00
   3.5101828251701284e-01
   8.4766947926944225e-02
   2.1580253643198346e+00
   5.8934344745091995e-02
  -3.9644970197432311e-01
   6.1070985745843354e-01
   3.9815328665953059e-01
   3.7163095879311814e-01
   2.2173071434938292e+00
   8.9693559798300973e-03
  -2.7235031324133918e-01
   6.7153367410422116e-01
   1.8527279877564179e-01
   9.8829593592327514e-02
   2.3477408528909467e+00
   1.6929386902765706e-01
  -3.3443333531365232e-01
   7.6952249105878512e-01
  -3.5853736988218199e-01
  -3.1864271266627014e-01
   2.4161261105988237e+00
  -1.9323803499501629e-01
   4.8593949945377683e-02
   9.3607711245202974e-01
   4.4543681900784164e-02
   8.0816037525634377e-02
   1.7716316253519691e+00
  -1.4516941122315610e-01
  -4.5582397601774316e-01
   5.0609046699507121e-01
   5.2821494708105765e-01
   4.3404547038749036e-01
   1.6815744956966325e+00
  -3.4102057442244940e-02
  -4.3664319285497660e-01
   4.0829892713546995e-01
  -4.9645572079454331e-02
   7.3328600827648216e-01
   2.1302284569470311e+00
   1.9846282508169777e-01
  -4.4980169299044670e-01
   7.0452304833425128e-01
  -5.0091682005024868e-02
   1.1080170276907109e-02
   1.6475346475616373e+00
   2.9004615878504447e-01
  -5.6780272620189198e-02
   6.4300950293924475e-01
   3.0596456664521127e-01
   4.9267286336835481e-01
   1.7574270897041480e+00
   4.2616888732336156e-01
   3.5972106764570626e-02
   1.3510304607300607e+00
   4.1673097322720959e-01
   1.8741799806276277e-01
   1.6567016319428369e+00
  -4.4668438301316483e-02
  -1.7072819804582187e-01
   5.7684889511803483e-01
   2.0331152366868016e-01
   9.1162768340937039e-01
   1.9051883486756087e+00
  -3.0261240084112073e-01
  -1.4264074744320035e-01
   1.0790661567882707e+00
  -2.4734415588190728e-01
   1.5025921328528979e-02
   2.0473905042456870e+00
  -4.2124351160629743e-02
   1.0123661389061420e-01
   6.5956114062980953e-01
  -1.2500945667072404e-02
   2.7054688272403149e-01
   2.0609035725903424e+00
   4.9135774249394820e-01
  -2.6268952450732230e-01
   4.0893721688622131e-01
   1.9384934222986266e-01
   1.1427521223561721e-01
   2.0993068598413083e+00
  -2.2953675286904474e-01
   1.1793741333480154e-01
   1.0423526139775754e+00
  -3.0508524248033284e-02
  -2.6931070041065935e-01
   2.1315338907372428e+00
   5.1062055504190418e-01
   2.7894202479333635e-01
   3.3125727506858071e-01
   1.1167662487935315e-02
   1.8824523977408830e-01
   1.7458292944551390e+00
  -4.3181083887485483e-01
   3.5740434828546101e-02
   7.1495710665232981e-01
   5.5988698999910207e-02
   2.9283967086132995e-01
   1.9323558578744433e+00
   1.0329384840288300e-01
   1.8223240576893113e-01
   1.5621114980934698e+00
  -4.1504427875783173e-01
   7.4594144996807332e-02
   2.4332917131710694e+00
  -1.5029286237237779e-01
  -5.2095044608817953e-01
   9.6323898576042299e-01
   5.5513582511286874e-01
   6.5142882131903457e-01
   2.7398085653139850e+00
   1.4782110498395434e-01
   5.6098110208020058e-01
   7.4478751569798018e-01
  -3.4253816516332558e-01
   3.4508969864812333e-01
   2.4840952923485498e+00
  -3.9242926547530421e-01
   1.5122947350080670e-01
   6.5758739941305977e-01
   2.2111653954938670e-01
   4.8850708204604854e-02
   2.1160105113627221e+00
  -6.8854745341036483e-01
  -2.2489121063479944e-01
   1.0120741121026993e+00
  -6.9613261786011349e-02
   8.2764941030884798e-01
   1.8769204280231007e+00
  -7.9543005584135795e-01
  -4.7107408252323885e-01
   1.2099409041371214e+00
  -3.5302751525561477e-04
   5.4187206733655358e-01
   2.4020802225139191e+00
  -7.2716857562150472e-01
  -2.7542154326221274e-01
   6.2329086535843181e-01
  -3.0199076985860424e-01
   3.5477023697108090e-01
   2.5943513932666784e+00
  -3.3172600842338092e-02
   3.4862075825500510e-01
   6.2598984149200521e-01
   3.9896464448757496e-02
   1.5449984498211355e-01
   2.2829931666696264e+00
  -1.0409547106972819e-01
   9.9516702865966478e-02
   1.0807764529808483e+00
   1.1281236849948691e-02
   7.1185506591240899e-01
   2.8571094755822783e+00
   1.5451988037693187e-01
  -6.4457679398669365e-02
   1.1624383807567584e+00
   5.6035195237220017e-02
   4.6440894832873614e-02
   2.2491795493690860e+00
  -2.2028037465278035e-02
  -1.5260119119982010e-01
   1.2835422660610991e+00
   6.5852184000259850e-01
   2.4127775922940961e-01
   2.1218217959105878e+00
  -2.8957605651249441e-01
   1.6628428983474813e-01
   6.9861492189107754e-02
   3.6742659295758284e-01
   4.8843056673526819e-01
   2.1745678003186169e+00
   3.8412181877834806e-01
  -1.5208423356716091e-01
   8.1367995789845837e-01
  -3.8611176562837285e-01
  -1.3907129116838141e-01
   1.8528288930858978e+00
   7.3267149960999783e-02
  -2.4093168138696514e-01
   4.1354786492417062e-01
   3.9495039157113376e-01
   1.7810237561009071e-01
   2.0835851265212542e+00
  -2.0632022611999520e-02
  -1.4367399964671193e-01
   9.9024988107351863e-01
  -5.0616149366328370e-02
  -1.3920609920198707e-01
   1.7443552804168825e+00
   6.0671887194754089e-02
  -4.7939194069283930e-01
   7.4233037825845938e-01
  -2.7640242886835681e-01
   2.3944099340728053e-02
   1.7469664179528912e+00
  -1.5424859107903033e-01
  -2.6400152274646954e-03
   8.1935194371946451e-01
   3.9209468526987051e-01
   3.3366876085765279e-01
   1.5815006032349643e+00
  -1.7114959838117200e-02
  -3.6737616462915526e-02
   9.6357004609247088e-01
   2.0399685820657881e-01
   8.4149224201291251e-01
   1.9047415979577635e+00
   6.6576453412923953e-02
  -6.4920795372737636e-02
   6.6463677412231725e-01
   7.4949110987618894e-01
   3.2959182122371572e-01
   1.6175041504750833e+00
   5.6967395140377064e-01
   4.7986756838669563e-02
   4.8504491637586428e-01
   2.4417168208959428e-01
   8.3872480883813416e-01
   1.7886661447908447e+00
   2.4698802039378041e-02
  -1.0687524142838131e-01
   4.7025967689054632e-01
   4.3196148225337155e-01
   4.1032097251376765e-01
   2.2660865451710217e+00
  -2.5916922078871940e-01
  -2.7904836791620241e-01
   9.6284569593988412e-01
   7.2992994252615268e-02
   1.0315362657811988e+00
   1.9956450884518790e+00
   7.1715834678312607e-01
   4.4231334728381511e-01
   2.0969857486319110e-01
  -5.2279262356646239e-01
   2.2428614840625063e-01
   2.0254081378089297e+00
  -1.7381640987911673e-02
   2.1845472553086445e-01
   6.1730121735853638e-01
  -2.0310852344705066e-01
   3.4840385993582845e-01
   2.0805255932331015e+00
   7.2603653757382675e-02
   2.9223636673509956e-01
   1.0652825356371047e+00
  -5.4615012722070855e-01
   6.4791337693602180e-01
   2.3578422680371469e+00
   1.9175530298794349e-01
   3.7616487572185359e-01
   9.6709061347570080e-01
  -1.8694275234381769e-01
   3.6568835994929905e-01
   1.2710077290125454e+00
   1.3740219120108363e-01
  -2.1546685817137604e-02
   6.6102349529223314e-01
  -1.8084758941984191e-01
   5.5243576037644460e-02
   2.0714366918321812e+00
   1.0608849954949742e-01
  -1.7064892001445356e-01
   6.9142535777472502e-01
   2.5395432956750764e-02
   3.5721074937597030e-01
   1.7682586206575956e+00
   4.1048962049732179e-01
   8.6441309534106892e-02
   1.2850384224178151e+00
  -1.2852163279620732e-01
   4.2558647240101832e-02
   2.3565635200779331e+00
  -6.6264866673526115e-03
  -3.1259810659713411e-01
   8.2834839223415813e-01
  -6.3222847165529883e-01
   7.7677020576115152e-01
   1.7602834592167582e+00
  -2.4985589203500019e-01
   3.8596458918769910e-01
   5.5497705473096481e-01
  -1.0023094059851344e-01
   2.4674313122536257e-01
   2.6272629133066068e+00
   6.6072241887324377e-03
  -4.2088073480721294e-01
   4.8321883763823376e-01
   6.1594708314318480e-01
   1.0612837252837939e+00
   2.6323697197716966e+00
  -4.3900640180487449e-01
  -1.3170774015113465e-01
   7.9174742540874088e-01
   1.3988802810103565e-01
   2.2468904094652262e-01
   1.7614641912507973e+00
  -1.6929614843241700e-01
   3.0016872888348739e-01
   1.6489407579662965e+00
   1.1381774764256308e-01
   3.2658981440024554e-01
   2.3212377059046161e+00
  -1.8288984331003735e-01
   5.6029800369146598e-01
   1.2270084783000827e+00
  -3.7180027179752939e-01
   1.9216915642271373e-01
   2.5343234643752535e+00
   1.0900142586694656e-01
   7.0491071510766112e-02
   2.8894691555705443e-01
   1.1334118384253207e-01
   6.4400847902919311e-01
   1.8750836092937186e+00
  -3.5456153095803733e-01
  -1.2240212905190571e-01
   5.0671387010295854e-01
   1.3541805968893050e-02
   5.0853033300365913e-01
   2.5451054277595064e+00
   3.9587331181484928e-02
  -2.4120075691622167e-01
   1.4027883017532154e+00
   3.1246001944694796e-01
   4.9238457386564649e-01
   2.3112249622421777e+00
  -1.8971897301936547e-01
   2.2492196103176290e-01
   9.4755925934709995e-01
   2.4571336100464292e-01
   6.6351547203326533e-02
   2.5992371074210094e+00
   1.2444889975183632e-01
  -6.9957385573882480e-01
   1.0147046163191746e+00
   4.6217201321609808e-01
   6.2831167679924271e-01
   2.5476078057206548e+00
   4.1958793906369085e-01
  -3.6367165023427145e-01
   8.9523090747906431e-02
   6.3363171714898892e-01
   5.4573012919428088e-01
   2.0941215390556285e+00
  -1.5568534732116529e-01
  -5.7216008768070559e-01
   9.3184914228884441e-01
  -4.2077124913053365e-01
   1.3570234950102333e-01
   2.0177994603774922e+00
   2.3161132004883297e-01
   6.4716246113860176e-02
   4.0958711961604316e-01
   5.3134705094011470e-01
   4.2637623896781235e-01
   2.7108312553955667e+00
  -4.2335652091505122e-01
  -3.2140586069297455e-01
   6.0229193346261867e-01
   1.6549340129807383e-03
   8.9778635787784722e-02
   1.7660176080718910e+00
  -8.1341713043727748e-01
  -3.3992454296701224e-01
   9.4383998650109024e-01
  -2.3889697772564264e-02
   3.5959242770828320e-01
   2.0483506773599243e+00
   3.5803045037800685e-02
  -2.2759733685607622e-01
   6.2303263365566242e-01
   2.0677653027191290e-01
   2.7515701451763602e-01
   2.1637247709556200e+00
  -3.4019202167739476e-01
  -1.0920943415549068e-01
   1.1062374505542076e+00
  -2.5944370881728024e-01
   4.6181814599354820e-01
   2.0086322145454671e+00
  -4.5512722557720126e-02
  -1.8005254233693879e-01
   1.6551315640361552e-01
  -1.0460267804574250e-02
   8.7991135141522203e-01
   2.3046150108172858e+00
  -1.4607086545998041e-01
  -2.8100959123858232e-01
   9.4104410023288598e-01
  -9.0450416797806230e-02
   2.3930425847841755e-01
   2.1058097683549200e+00
   3.9756317747545328e-01
  -9.0052978456154598e-01
   1.0530101482876961e+00
  -2.9863317016190910e-01
   7.3022580129924286e-01
   1.2793612689831400e+00
  -9.4970155713039933e-02
  -4.1171943836410027e-02
   7.1652010315080450e-01
  -3.0251012839155475e-02
  -8.8894799891201137e-02
   1.7118963599270927e+00
  -2.9202706545623253e-01
   6.1676185152274500e-02
   6.6268918868268278e-01
   5.4985797762193833e-01
   4.6215470261679026e-01
   1.4664247583057133e+00
  -1.7175737854118353e-01
  -2.7788660649363794e-01
   8.9249740047715209e-01
  -3.6155571719776874e-02
   3.2244973758467155e-01
   1.8427929759164658e+00
  -4.1870872936385570e-02
  -5.4186326004089980e-01
   1.0621715389154260e+00
  -4.0377935165998374e-01
   1.9493863424912800e-01
   2.0386421452533567e+00
   6.2335306528816449e-02
  -8.6072757207980105e-02
   1.4374480982209072e+00
   5.7804560220366530e-01
   6.2427615871591902e-01
   2.1179515103401205e+00
  -2.8956202838301670e-01
  -2.1430760282114075e-01
   3.8940171008015118e-01
  -8.7454908637353335e-02
   2.5849378099362075e-01
   2.6711121890740417e+00
   2.3071519295436768e-01
  -3.8865457589240322e-02
   7.6047002195177038e-01
   6.4995918007560854e-02
   6.7086135322113005e-01
   2.8329636062984767e+00
   8.8602562173917793e-02
   2.2723940947895452e-01
   1.0845203087502875e+00
   2.2230751090212014e-01
   7.4934100221118238e-01
   2.5071353629711388e+00
  -5.6426578160966353e-03
  -1.6524112966345109e-01
   9.3362732179439312e-01
   3.6961894657723732e-01
   8.2076809944594165e-01
   1.9064461749778496e+00
   2.8371643455298057e-01
  -1.1790894885804798e-01
   7.4607322907598306e-01
   2.1788389442912548e-01
   7.2616793093857845e-01
   1.8972627644223949e+00
  -5.1989480567990876e-01
  -7.7310452754581219e-02
   1.0423996994325466e+00
   6.5220931168570251e-02
   9.4130536391119879e-01
   1.9770889125344362e+00
   2.4469193111933144e-01
  -3.2212862157553490e-01
   4.3701761246983994e-01
   2.5960663095534386e-01
  -4.8746541903338991e-02
   1.6538261586971406e+00
  -2.2203373257487946e-01
  -5.5671673955929268e-01
   1.0442390941682811e+00
  -5.5063128214131132e-02
  -1.5764060175863515e-02
   1.7912019198050266e+00
  -3.4919970496493280e-01
  -8.4401119560442051e-02
   5.3194463309569007e-02
  -1.9406136809862840e-01
  -4.8332144080624251e-02
   2.1972295800256076e+00
   1.7915514711712030e-01
  -1.1470105403010994e-02
   8.2424511126839051e-01
  -8.4093864513224881e-01
   4.2481533113821418e-01
   1.7952436048572529e+00
  -1.0885216218438296e-01
  -1.6972120818491124e-01
   4.7197561269730715e-01
   2.3073937249178955e-01
   4.9538276884922666e-01
   1.9703853408041789e+00
   2.7700648166104080e-01
   4.6557104052527398e-01
   4.8866679731269330e-01
   2.8744619949181871e-02
   4.5254954571891104e-02
   2.3376250394974507e+00
   1.4636266450454888e-01
  -2.3294886633666778e-01
   6.7165494489686572e-01
  -2.1373523801413952e-01
   7.2406842412781147e-01
   2.0045068739298828e+00
  -7.0304518628975646e-02
  -4.8000036400592255e-01
   9.6226473344918950e-01
   9.3414728094318644e-01
   5.1202962381295203e-01
   1.6130793113984603e+00
   6.1902225614559485e-02
  -5.3911953177838146e-01
   9.0758248388242868e-01
  -5.2696922067060259e-01
   6.5519368678373624e-01
   2.4679379238005996e+00
   4.9695241231676207e-01
   4.0068146668656851e-01
   6.0536069003978632e-01
   1.8494254946195043e-01
   7.1916349355407527e-01
   1.7293184411847733e+00
   4.6894290242967283e-02
   1.9375916963264564e-01
   4.2866237569550836e-01
  -2.8026563926952591e-01
   6.7485569328095940e-01
   2.0852366237448332e+00
   1.5446925697607511e-01
   3.9422869372637592e-01
   1.0187378850000530e+00
  -2.2496697939891747e-01
   6.6613061514987459e-01
   2.0317176769211787e+00
  -2.9243571640031724e-01
   6.3749315842049725e-01
   8.8477561895098089e-01
  -2.7504338749053864e-01
   6.2737711972456345e-01
   2.6480229784091955e+00
   1.7751837788586500e-01
   2.0285572055645149e-01
   8.9314272373597425e-01
  -1.5471218263878130e-02
   7.0576667685315186e-01
   2.0224273375036028e+00
   4.7984822574540717e-03
  -2.3607351970820792e-01
   6.2956331466174564e-01
  -5.2074247320547898e-02
   1.9348871603091233e-02
   2.1702066401592703e+00
   1.3790859527386526e-02
  -7.4197530409887469e-02
   1.0886400367900373e-01
  -1.3287052316984704e-01
   4.9854507353231647e-01
   2.2104125517527486e+00
   3.9372527292740177e-02
  -7.2956375507227111e-02
   3.2362148616856767e-01
   1.5051231524194131e-01
   3.7175258825061086e-01
   2.2490769110810538e+00
   1.7922388637236653e-01
  -8.9205533583739768e-02
   9.6648879035846447e-01
  -7.4326107595263438e-02
   3.0798112519146303e-01
   1.9598889385332328e+00
  -3.3814999048579841e-01
   1.7329961559269060e-02
   1.2698063249943570e+00
  -1.5545556430881752e-01
   2.4828507009401674e-01
   2.3283014856794715e+00
  -7.1935177695602731e-03
   4.5323101720333436e-01
   2.9104049467967708e-01
  -3.0719213361376579e-01
   1.6089498087546739e-01
   2.8128223011700433e+00
   1.2351102042900564e-01
  -2.0845029851696018e-01
   8.6805673091584001e-01
  -6.7835320949072755e-02
   7.4141276136553591e-01
   2.0934452715692862e+00
   2.5229459836885559e-01
   1.7358512870716131e-01
   7.8096792006996163e-01
  -5.0822442067838952e-04
   4.5811103264475622e-01
   1.8208770803714363e+00
  -9.9896998291540057e-02
  -9.0349650581652952e-02
   5.1697005114085304e-01
   3.4990094340087702e-01
   3.8224432057481217e-02
   1.8504462849220589e+00
  -4.1019330019531536e-01
   2.9461714339642747e-01
   6.3126019355077245e-01
  -5.3786925003328734e-01
   6.8653072633255641e-01
   2.5679691863622573e+00
   2.0373105450670503e-01
  -1.4306919603016659e-02
   5.7154679925041463e-01
  -2.1336188378075760e-01
   8.2533588771790123e-01
   2.4709317646308548e+00
  -2.2303468330367304e-01
   2.0819073397175217e-01
   9.3043572566297339e-01
  -8.7098721167435833e-02
   1.3812071487871108e-01
   2.1829690805926787e+00
  -6.2665688740145298e-01
  -5.8487903873019798e-01
   1.5299466684712297e+00
   1.3394294281621661e-02
   1.2917673323367922e+00
   2.0062413305855546e+00
   3.7399151876396211e-02
   2.4720712090265826e-01
   7.9854044192935414e-01
  -1.3651333333323357e-01
   8.9278485090527182e-01
   1.7973078314567212e+00
   2.4882091778623491e-01
  -2.3074011954043094e-01
   1.1058961526493116e+00
   3.2002107060314472e-01
   1.3883062060787332e-01
   2.2650117915036594e+00
   3.2392312488625374e-01
  -4.1120322657062386e-01
   9.7876268764398688e-01
   2.5126096647831962e-02
   6.2523345056255675e-03
   1.9956473556367955e+00
  -7.3838093369537311e-02
  -4.2172017772429132e-01
   2.0665385828046867e-01
  -2.6577411692292868e-01
   4.1360461722379271e-01
   1.5128503510052933e+00
   4.0066607168488971e-01
  -2.6067302940188786e-01
   1.7008316987533079e-01
   7.4358615664976174e-02
   9.1133561214231196e-01
   2.1050143608177105e+00
   3.3633901724236540e-02
  -6.9487877669800885e-02
   9.1591683865433027e-01
   3.3144422054109718e-01
   4.7622899927819995e-01
   2.3391121210473633e+00
   1.4898517135689290e-01
  -1.6568523796248368e-02
   9.5142614317602914e-01
  -2.9022754956930780e-01
   1.0076838265603810e-01
   2.0829944749951563e+00
   9.7755412427964955e-02
  -3.5876484684560944e-01
   1.1287617820347067e+00
   7.3900753071060477e-02
   1.3260121829546023e+00
   2.2243733651413207e+00
  -4.5598033585014452e-01
   6.7406926649181409e-02
   1.0245593343425672e+00
  -1.3287356006327500e-01
   4.9377154252568972e-01
   1.8880719421194374e+00
  -1.3436073363954675e-02
   7.9285681311159983e-02
   1.2550926909784426e+00
   2.9445971730316994e-01
  -4.6594311411870554e-01
   POWERS OF r1
18
18
18
18
18
18
18
18
20
20
20
20
20
20
20
20
22
22
22
22
22
22
22
22
24
24
24
24
24
24
24
24
22
22
22
22
22
22
22
22
20
20
20
20
20
20
20
20
18
18
18
18
18
18
18
18
16
16
16
16
16
16
16
16  
18
18
18
18
18
18
18
18
20
20
20
20
20
20
20
20
22
22
22
22
22
22
22
22
24
24
24
24
24
24
24
24
22
22
22
22
22
22
22
22
20
20
20
20
20
20
20
20
18
18
18
18
18
18
18
18
16
16
16
16
16
16
16
16     
   CHARGE MATRIX 
  +1.0  0.0  0.0
  -1.0 -1.0  0.0
  -1.0  1.0 -1.0
  MASS
  5.446170e-4 2.723085077e-4 2.723085077e-4
  2.723085077e-4 .5002723085 2.723085077e-4
  2.723085077e-4 2.723085077e-4 .5002723085
  nsym NUMBER OF SYMMETRY TERMS
  4
  symc SYMMETRY COEFS
  1.0
  1.0
  1.0
  1.0
  Sym PROJECTION MATRICES
    (1)(2)(3)
  1.0  0.0  0.0
  0.0  1.0  0.0
  0.0  0.0  1.0
      (12)
  -1.0  0.0  0.0
  -1.0  1.0  0.0
  -1.0  0.0  1.0 
      (34)
  1.0  0.0  0.0
  0.0  0.0  1.0
  0.0  1.0  0.0
    (12)(34)
  -1.0  0.0  0.0
  -1.0  0.0  1.0
  -1.0  1.0  0.0
  evec
.1
.1
.1
.1
.1
.1
.1
.1
.1
.1
.1
.1
.1
.1
.1
.1
.1
.1
.1
.1
.1
.1
.1
.1
.1
.1
.1
.1
.1
.1
.1
.1
.1
.1
.1
.1
.1
.1
.1
.1
.1
.1
.1
.1
.1
.1
.1
.1
.1
.1
.1
.1
.1
.1
.1
.1
.1
.1
.1
.1
.1
.1
.1
.1
.1
.1
.1
.1
.1
.1
.1
.1
.1
.1
.1
.1
.1
.1
.1
.1
.1
.1
.1
.1
.1
.1
.1
.1
.1
.1
.1
.1
.1
.1
.1
.1
.1
.1
.1
.1
.1
.1
.1
.1
.1
.1
.1
.1
.1
.1
.1
.1
.1
.1
.1
.1
.1
.1
.1
.1
.1
.1
.1
.1
.1
.1
.1
.1

.5
.5
